dp_secondary_id,primary_care_service_area_pcsa_label,primary_care_service_area_id,state_abbreviation,total_primary_care_providers_pcps,non_institutionalized_population,ratio_of_non_institutionalized_population_to_total_number_of_primary_care_providers,percent_of_pcsa_in_rural_area,population_age_0_14_years,population_age_15_64_years,population_age_65_years_or_greater,percent_of_population_age_0_14_years,percent_of_population_age_15_64_years,percent_of_population_age_65_years_or_greater,population_male,population_female,percent_of_population_male,percent_of_population_female,percent_of_population_black,percent_of_population_hispanic,percent_of_population_non_black,percent_of_population_non_hispanic,percent_of_population_non_white,percent_of_population_white,number_of_women_of_childbearing_age,population_american_indian_and_alaska_native_alone,population_asian_alone,population_native_hawaiian_and_other_pacific_islander_alone,families_for_whom_poverty_status_was_determined,families_with_income_below_1_00_times_the_u_s_federal_poverty_level_percent_of_total_by_primary_care_service_area,percent_of_population_with_known_income_below_1_00_times_the_u_s_poverty_guidelines_by_primary_care_service_area,percent_of_population_with_known_income_below_2_00_times_the_u_s_poverty_guidelines_by_primary_care_service_area,population_density,rural_population,total_population,preference_index,localization_index,number_of_primary_care_physicians,number_of_primary_care_physicians_1,non_federal,number_of_specialist_physicians,non_federal_1,number_of_ob_gyn_physicians,non_federal_2,number_of_primary_care_physician_assistants,number_of_gp_im_pediatric_physician_assistants,number_of_ob_gyn_physician_assistants,number_of_physician_assistants_with_specialty_as_geriatrics_or_unknown,number_of_dentists,non_federal_3,full_time_practice,number_of_dentists_1,non_federal_4,part_time_practice,primary_care_fte_physicians_for_mua_or_hpsa_purposes,crude_rate_primary_care_physicians,clinically_active,population_per_clinically_active_primary_care_physician,number_of_federally_qualified_health_center_look_alikes_located_in_pcsa,number_of_federally_qualified_health_centers_located_in_pcsa,number_of_tribal_run_sites_located_in_pcsa,number_of_indian_health_service_sites_located_in_pcsa,number_of_rural_health_clinics_located_in_pcsa,x64
06065042708,CA00_SUN CITY,06065042708,CA,36,124508,"3,459:1",0,31145,83211,19164,8.04,62.32,14.35,65132,68388,48.78,51.22,5.52,33.6,94.48,66.4,31.35,68.65,26743,1129,8328,524,30611,1769,7.59,25.16,1019.9073,4438,133520,0.4776,0.5015,30,29,29,5,6,2,0,4,27,3,34.6,22.4685,4450.6667,0,2,0,0,0,NA,NA,NA,NA,NA,NA,NA,NA,NA
06065043401,CA00_HEMET,06065043401,CA,77,177219,"2,302:1",28.4,42012,112760,31848,7.71,60.42,17.07,90231,96389,48.35,51.65,5.24,38.66,94.76,61.34,32.52,67.48,35285,3386,4971,549,43373,5698,16.52,42.87,306.3159,17421,186620,0.6884,0.729,64,64,83,5,13,8,0,5,51,9,68.8,34.2943,2915.9375,0,4,0,0,0,NA,NA,NA,NA,NA,NA,NA,NA,NA
06065042619,CA00_PERRIS,06065042619,CA,17,75009,"4,412:1",0,24315,52746,4516,10.03,64.66,5.54,40888,40689,50.12,49.88,11.21,72.67,88.79,27.33,57.63,42.37,19062,733,2484,280,15794,3058,23.25,51.11,1403.7239,3420,81577,0.2288,0.2266,12,12,8,0,5,3,0,2,8,2,12.1,14.71,6798.0833,0,2,0,0,0,NA,NA,NA,NA,NA,NA,NA,NA,NA
06067009611,CA00_ELK GROVE,06067009611,CA,284,324231,"1,142:1",0,84343,227675,29992,8.7,66.57,8.77,166939,175071,48.81,51.19,14.8,23.45,85.2,76.55,61.12,38.88,74473,2671,87903,6122,78666,8517,14.07,32.73,1287.1125,14883,342010,0.4758,0.4691,260,253,290,54,24,18,0,6,155,24,326.3,76.0212,1315.4231,2,4,0,0,0,NA,NA,NA,NA,NA,NA,NA,NA,NA
06067008117,CA00_CARMICHAEL,06067008117,CA,233,451924,"1,940:1",0,91248,304381,59358,6.83,66.9,13.05,220981,234006,48.57,51.43,6.2,15.71,93.8,84.29,26.27,73.73,91540,4429,29714,2566,116461,10302,11.95,29.09,1638.8117,3901,454987,0.5127,0.5266,199,186,315,20,34,12,1,21,218,51,213.2,43.7375,2286.3668,1,4,0,0,0,NA,NA,NA,NA,NA,NA,NA,NA,NA
06073012700,CA02_CHULA VISTA,06073012700,CA,104,93186,896:1,0,21809,67534,13032,7.45,65.97,12.73,49373,53002,48.23,51.77,4.13,70.95,95.87,29.05,44.3,55.7,22101,965,6646,525,22836,3195,16.89,43.66,8253.2545,0,102375,0.4526,0.4508,97,93,97,9,7,3,0,4,76,10,105.4,94.7497,1055.4124,0,10,0,0,0,NA,NA,NA,NA,NA,NA,NA,NA,NA
06073017200,CA00_DEL MAR,06073017200,CA,9,10534,"1,170:1",0,1430,7111,2205,5.29,66.17,20.52,5338,5408,49.67,50.33,0.52,4.98,99.48,95.02,10.62,89.38,1691,23,643,8,3135,111,4.01,5.92,2830.1493,0,10746,0.21560000000000001,0.2522,8,8,24,0,1,0,0,1,12,2,8,74.4463,1343.25,NA,NA,NA,NA,NA,NA,NA,NA,NA,NA,NA,NA,NA,NA
06073017303,CA00_SOLANA BEACH,06073017303,CA,12,8518,710:1,0,1289,6013,1224,5.04,70.53,14.36,4287,4239,50.28,49.72,0.4,20.92,99.6,79.08,16.44,83.56,1741,49,267,16,1977,124,9.77,22.82,4068.5589,0,8526,0.179,0.1806,12,12,25,1,0,0,0,0,27,3,14.1,140.746,710.5,NA,NA,NA,NA,NA,NA,NA,NA,NA,NA,NA,NA,NA,NA
06075025300,CA02_SAN FRANCISCO,06075025300,CA,202,167906,831:1,0,23011,131201,16752,3.83,76.74,9.8,88868,82096,51.98,48.02,9.78,27.8,90.22,72.2,51.84,48.16,41905,1435,37450,1445,31529,2936,12.19,29.32,16674.8614,0,170964,0.2905,0.2657,184,179,269,20,18,4,2,12,77,6,249.6,107.625,929.1522,2,30,0,0,0,NA,NA,NA,NA,NA,NA,NA,NA,NA
06081609800,CA01_REDWOOD CITY,06081609800,CA,173,132470,766:1,0,27736,93267,15725,6.18,68.21,11.5,68036,68692,49.76,50.24,1.9,32.52,98.1,67.48,35.01,64.99,27139,749,14420,1148,33879,1914,8.85,22.92,3935.9842,767,136728,0.5749,0.6098,164,161,314,33,9,2,0,7,119,27,209.1,119.9462,833.7073,0,5,0,0,0,NA,NA,NA,NA,NA,NA,NA,NA,NA
06081613700,CA02_REDWOOD CITY,06081613700,CA,24,27519,"1,147:1",99.4,5379,19798,3717,6.4,68.52,12.86,14380,14514,49.77,50.23,0.75,26.87,99.25,73.13,22.36,77.64,4773,204,1094,46,7122,282,5.44,16.72,105.7504,8181,28894,0.4246,0.4987,23,22,51,6,1,1,0,0,10,4,28.1,79.6013,1256.2609,0,2,0,0,0,NA,NA,NA,NA,NA,NA,NA,NA,NA
06073018904,CA00_FALLBROOK,06073018904,CA,24,47562,"1,982:1",0,8834,30286,8184,6.47,64.02,17.3,23548,23756,49.78,50.22,1.37,36.43,98.63,63.57,27.28,72.72,8341,323,1055,115,12610,777,9.31,26.91,376.0578,8332,47304,0.3713,0.3732,22,20,33,4,2,1,0,1,20,5,25.1,46.5077,2150.1818,0,1,0,0,0,NA,NA,NA,NA,NA,NA,NA,NA,NA
06075030101,CA01_SAN FRANCISCO,06075030101,CA,301,218599,726:1,0,25849,162272,30718,3.58,74.15,14.04,108960,109879,49.79,50.21,4.12,8.95,95.88,91.05,51.03,48.97,50075,687,84634,465,46318,2168,8.86,20.08,15320.6789,0,218839,0.2644,0.2746,284,281,665,22,17,4,0,13,201,44,438.8,129.7758,770.5599,1,9,0,0,0,NA,NA,NA,NA,NA,NA,NA,NA,NA
06075011300,CA03_SAN FRANCISCO,06075011300,CA,166,117868,710:1,0,8642,102460,20624,1.94,77.78,15.66,71886,59840,54.57,45.43,6.52,11.34,93.48,88.66,54.67,45.33,30243,766,50512,348,20055,3037,21.9,46.07,27795.177,0,131726,0.5719,0.6164,151,148,336,29,15,6,1,8,252,55,190.6,114.6319,872.3576,1,30,0,0,0,NA,NA,NA,NA,NA,NA,NA,NA,NA
06079011701,CA00_PISMO BEACH,06079011701,CA,62,75379,"1,216:1",0,13334,49556,13139,6.3,65.18,17.28,37294,38735,49.05,50.95,0.89,25.63,99.11,74.37,19.34,80.66,13094,810,2287,110,20438,1149,8.9,26.3,164.2192,9203,76029,0.5244,0.5583,51,50,69,6,11,6,0,5,47,6,58.5,67.0797,1490.7647,0,5,0,0,0,NA,NA,NA,NA,NA,NA,NA,NA,NA
06081606300,CA00_SAN MATEO,06081606300,CA,138,160513,"1,163:1",0,30201,111798,24771,5.45,67.04,14.85,81181,85589,48.68,51.32,1.99,18.69,98.01,81.31,41.94,58.06,33050,632,40654,2375,41079,1323,4.9,13.15,5712.8804,4,166770,0.5817,0.5432,129,123,251,24,9,0,1,8,160,43,153.5,77.352,1292.7907,0,7,0,0,0,NA,NA,NA,NA,NA,NA,NA,NA,NA
06085503712,CA01_SAN JOSE,06085503712,CA,281,560386,"1,994:1",0,125358,409876,54009,6.63,69.56,9.17,299237,290006,50.78,49.22,2.98,36.46,97.02,63.54,70.98,29.02,130169,5089,259257,2752,127573,11613,11.56,27.76,4984.1212,2035,589243,0.5955,0.6614,251,247,201,23,30,15,3,12,481,42,299.2,42.597,2347.5817,0,36,0,0,0,NA,NA,NA,NA,NA,NA,NA,NA,NA
06045010700,CA00_WILLITS,06045010700,CA,13,12941,995:1,100,2404,8801,1915,6.27,67.08,14.6,6543,6577,49.87,50.13,0.52,15.12,99.48,84.88,16.96,83.04,2291,517,124,15,3529,461,17.13,37.76,44.2915,5067,13120,0.7733,0.7736,11,11,5,1,2,2,0,0,7,1,12,83.8415,1192.7273,0,1,0,0,0,NA,NA,NA,NA,NA,NA,NA,NA,NA
06047002100,CA00_LOS BANOS,06047002100,CA,21,47958,"2,284:1",99.9,13533,31515,4484,9.44,63.63,9.05,24852,24680,50.17,49.83,3.66,63.82,96.34,36.18,39.38,60.62,10336,651,1331,154,11312,1924,20.57,42.17,73.633,6902,49532,0.7166,0.7577,17,16,16,6,4,1,0,3,12,1,22.5,34.3212,2913.6471,0,3,0,0,0,NA,NA,NA,NA,NA,NA,NA,NA,NA
06053011304,CA00_KING CITY,06053011304,CA,23,31395,"1,365:1",100,9604,21925,1978,8.36,65.43,5.9,17659,15848,52.7,47.3,1.11,85.48,98.89,14.52,56.14,43.86,7375,1275,425,21,6226,772,16.2,52.21,62.0066,2527,33507,0.5306,0.5332,14,14,7,3,9,4,0,5,7,4,17.5,41.7823,2393.3571,0,3,0,0,0,NA,NA,NA,NA,NA,NA,NA,NA,NA
06055201602,CA00_SAINT HELENA,06055201602,CA,19,19905,"1,048:1",40.2,3357,14171,3781,5.71,66.5,17.74,10472,10837,49.14,50.86,1.11,30.65,98.89,69.35,22.17,77.83,3844,145,624,31,5196,206,7.75,21.09,46.4963,9427,21309,0.6659,0.6784,17,17,51,3,2,2,0,0,14,4,21.6,79.7785,1253.4706,0,2,0,0,0,NA,NA,NA,NA,NA,NA,NA,NA,NA
06057000501,CA00_GRASS VALLEY,06057000501,CA,69,72963,"1,057:1",99.9,10640,47569,16276,5.65,63.86,21.85,36456,38029,48.94,51.06,0.41,6.66,99.59,93.34,7.84,92.16,10480,887,851,88,21116,1351,9.64,25.91,84.4271,33081,74485,0.8335,0.8655,58,58,84,10,11,9,0,2,46,20,69.2,77.868,1284.2241,0,4,0,0,0,NA,NA,NA,NA,NA,NA,NA,NA,NA
06059086601,CA02_ANAHEIM,06059086601,CA,117,96772,827:1,0,24725,67719,7647,8.12,67.66,7.64,50340,49751,50.29,49.71,2.73,67.1,97.27,32.9,51.05,48.95,23250,850,11844,365,19967,3031,17.8,47.86,12203.3009,0,100091,0.2107,0.1985,102,102,100,11,15,9,0,6,58,14,114.1,101.9073,981.2843,0,9,0,0,0,NA,NA,NA,NA,NA,NA,NA,NA,NA
06059042205,CA00_SAN CLEMENTE,06059042205,CA,67,58470,873:1,0,10527,40770,8954,6.3,67.67,14.86,30339,29912,50.35,49.65,0.63,17.89,99.37,82.11,14.02,85.98,10764,367,1891,93,15581,896,7.7,19.26,3407.8742,0,60251,0.3361,0.4066,57,54,67,3,10,3,1,6,45,10,60.6,94.6042,1057.0351,0,1,0,0,0,NA,NA,NA,NA,NA,NA,NA,NA,NA
06059110116,CA00_LA PALMA,06059110116,CA,52,40809,785:1,0,7012,27284,6019,7.26,67.68,14.93,19601,20714,48.62,51.38,5.13,15.01,94.87,84.99,69.98,30.02,7723,167,22177,150,10876,596,6.65,18.64,6714.5002,0,40315,0.1361,0.1409,51,50,38,4,1,1,0,0,42,4,54.1,126.5038,790.4902,NA,NA,NA,NA,NA,NA,NA,NA,NA,NA,NA,NA,NA,NA
06073018519,CA00_OCEANSIDE,06073018519,CA,234,315357,"1,348:1",0,69539,235194,37272,6.19,68.77,10.9,177375,164630,51.86,48.14,4.22,35.46,95.78,64.54,31.77,68.23,70742,3331,18263,3221,78110,6231,10.89,30.62,1113.9931,8165,342005,0.6197,0.6377,197,183,227,19,37,18,0,19,189,21,215.7,57.6015,1736.066,0,17,0,0,0,NA,NA,NA,NA,NA,NA,NA,NA,NA
06073011700,CA01_NATIONAL CITY,06073011700,CA,45,71184,"1,582:1",0,17340,57999,7011,7.17,70.43,8.51,44062,38288,53.51,46.49,12.6,60.21,87.4,39.79,60.09,39.91,17576,784,10382,769,16036,3469,24.84,57.8,9030.9891,0,82350,0.301,0.3285,37,33,32,6,8,2,2,4,42,5,42.5,44.9302,2225.6757,0,9,0,0,0,NA,NA,NA,NA,NA,NA,NA,NA,NA
06075015300,CA05_SAN FRANCISCO,06075015300,CA,269,52204,194:1,0,4173,44561,9596,1.78,76.39,16.45,28530,29800,48.91,51.09,12.66,10.53,87.34,89.47,43.99,56.01,16701,238,12597,146,8156,443,15.51,33.19,31935.0856,0,58330,0.3954,0.4374,262,256,474,63,7,0,0,7,57,6,355.1,449.1685,222.6336,1,5,0,0,0,NA,NA,NA,NA,NA,NA,NA,NA,NA
06075016900,CA07_SAN FRANCISCO,06075016900,CA,47,12173,259:1,0,715,10294,1221,1.09,84.17,9.98,7794,4436,63.73,36.27,2.22,10.07,97.78,89.93,20.69,79.31,2574,63,1217,15,1594,16,6.8,15.58,23875.2653,0,12230,0.2657,0.2551,42,41,66,2,5,3,0,2,14,1,48.8,343.4178,291.1905,NA,NA,NA,NA,NA,NA,NA,NA,NA,NA,NA,NA,NA,NA
06077004302,CA00_LODI,06077004302,CA,69,129167,"1,872:1",16.5,29535,84233,17508,7.89,64.16,13.34,65317,65959,49.76,50.24,1.39,35.72,98.61,64.28,32.02,67.98,24969,1348,9236,374,32257,3106,14.44,36.23,196.7516,31810,131276,0.782,0.8072,64,63,68,9,5,2,0,3,51,5,77.9,48.7522,2051.1875,0,2,0,0,0,NA,NA,NA,NA,NA,NA,NA,NA,NA
06083000102,CA02_SANTA BARBARA,06083000102,CA,85,82123,966:1,0,12033,68625,11548,4.68,74.43,12.52,45674,46532,49.53,50.47,1.73,27.02,98.27,72.98,27.48,72.52,23891,669,8050,122,16895,789,17.09,31.49,714.0745,1947,92206,0.5346,0.5243,76,75,108,5,9,6,0,3,50,13,80.5,82.4241,1213.2368,1,6,0,0,0,NA,NA,NA,NA,NA,NA,NA,NA,NA
06083001903,CA00_SOLVANG,06083001903,CA,23,21851,950:1,99.9,3902,14864,3904,6.39,65.57,17.22,11201,11469,49.41,50.59,0.63,25.17,99.37,74.83,15.37,84.63,3698,424,403,24,5808,172,7.45,21.96,56.4256,7808,22670,0.5582,0.6325,21,21,17,0,2,1,0,1,9,5,21.2,92.6334,1079.5238,0,1,0,0,0,NA,NA,NA,NA,NA,NA,NA,NA,NA
06095253403,CA00_DIXON,06095253403,CA,5,20655,"4,131:1",99.9,4902,14432,1919,8.11,67.91,9.03,10582,10671,49.79,50.21,2.71,40.91,97.29,59.09,28.65,71.35,4471,211,722,67,5254,418,9.88,25.95,117.2189,2808,21253,0.3275,0.2968,4,4,0,0,1,1,0,0,3,0,4.1,18.8209,5313.25,0,2,0,0,0,NA,NA,NA,NA,NA,NA,NA,NA,NA
06097151309,CA00_PENNGROVE,06097151309,CA,38,41737,"1,098:1",0,7162,33096,4143,5.59,74.54,9.33,21294,23107,47.96,52.04,1.88,20.36,98.12,79.64,22.74,77.26,11130,423,2327,190,9684,525,10.74,25.3,2006.6187,901,44401,0.3044,0.3161,37,35,9,0,1,0,1,0,21,9,37,83.3315,1200.027,0,1,0,0,0,NA,NA,NA,NA,NA,NA,NA,NA,NA
06099003907,CA01_TURLOCK,06099003907,CA,39,73358,"1,881:1",0,17372,49632,9084,8.01,65.23,11.94,37713,38375,49.56,50.44,1.09,40.46,98.91,59.54,30.27,69.73,15837,682,2821,235,18135,1805,13.77,38.92,392.5622,11724,76088,0.4975,0.5237,33,33,36,0,6,3,0,3,26,3,34.1,43.3708,2305.697,1,5,0,0,0,NA,NA,NA,NA,NA,NA,NA,NA,NA
06101050202,CA00_YUBA CITY,06101050202,CA,120,161325,"1,344:1",0,39227,108420,19245,7.61,64.96,11.53,83353,83539,49.94,50.06,2.56,27.14,97.44,72.86,35.84,64.16,33597,3040,18525,574,40453,5009,16.71,40.19,135.2175,32940,166892,0.8788,0.8795,103,100,129,11,17,12,0,5,45,15,116.6,61.7166,1620.3107,0,16,0,0,0,NA,NA,NA,NA,NA,NA,NA,NA,NA
06107000302,CA00_KINGSBURG,06107000302,CA,5,22253,"4,451:1",44.8,5709,14497,2718,8.38,63.24,11.86,11513,11411,50.22,49.78,0.48,53.29,99.52,46.71,31.84,68.16,4552,280,610,24,5323,835,20.05,42.15,191.8441,9928,22924,0.2643,0.2137,2,2,3,0,3,1,0,2,5,1,2,8.7245,11462,0,2,0,0,0,NA,NA,NA,NA,NA,NA,NA,NA,NA
06111000901,CA00_OJAI,06111000901,CA,19,29024,"1,528:1",89.8,4686,19050,4867,6.24,66.6,17.02,13873,14730,48.5,51.5,0.55,20.71,99.45,79.29,14.61,85.39,4661,280,462,15,7523,280,6.61,20.92,28.0443,5592,28603,0.6479,0.6265,17,16,12,0,2,1,0,1,9,3,17,59.4343,1682.5294,0,1,0,0,0,NA,NA,NA,NA,NA,NA,NA,NA,NA
06113011300,CA00_WINTERS,06113011300,CA,4,7895,"1,974:1",99.7,1716,5608,782,7.77,69.18,9.65,4093,4013,50.49,49.51,0.79,51.62,99.21,48.38,30.71,69.29,1629,79,80,9,2025,223,14.71,33.43,72.3564,1024,8106,0.4248,0.3624,3,2,0,0,1,1,0,0,4,0,3,37.0096,2702,0,4,0,0,0,NA,NA,NA,NA,NA,NA,NA,NA,NA
06073020202,CA02_ESCONDIDO,06073020202,CA,66,87783,"1,330:1",0,21340,60507,8998,7.69,66.6,9.9,45834,45011,50.45,49.55,1.92,49.98,98.08,50.02,41.2,58.8,18776,3137,4235,207,21233,2129,14.1,35.97,358.6311,27693,90845,0.3614,0.4128,58,52,101,8,8,6,0,2,59,8,62,63.845,1566.2931,0,12,0,0,0,NA,NA,NA,NA,NA,NA,NA,NA,NA
06073021000,CA07_SAN DIEGO,06073021000,CA,1,8126,"8,126:1",100,1459,6480,2768,5.02,60.52,25.85,5328,5379,49.76,50.24,0.73,22.19,99.27,77.81,18.44,81.56,1352,648,108,10,2378,161,9.92,26.91,6.6287,10707,10707,0.2951,0.3183,0,0,1,0,1,1,0,0,1,2,0,0,0,0,4,0,0,0,NA,NA,NA,NA,NA,NA,NA,NA,NA
06077005406,CA00_TRACY,06077005406,CA,58,95766,"1,651:1",0,26892,71968,7393,8.94,67.73,6.96,54781,51472,51.56,48.44,7.7,34.22,92.3,65.78,46.7,53.3,22269,891,16676,859,23491,1711,9.9,25.13,400.6527,9068,106253,0.755,0.7839,53,53,63,9,5,1,0,4,48,7,61.8,49.8809,2004.7736,0,1,0,0,0,NA,NA,NA,NA,NA,NA,NA,NA,NA
06083000302,CA01_SANTA BARBARA,06083000302,CA,159,107858,678:1,57.8,16694,76525,16798,5.04,69.56,15.27,54552,55465,49.59,50.41,1.32,36.21,98.68,63.79,23.23,76.77,22656,1066,3370,153,24074,1856,12.99,29.55,331.8705,4534,110017,0.6059,0.6152,143,142,326,22,16,7,1,8,87,21,166.5,129.9799,769.3497,4,11,0,0,0,NA,NA,NA,NA,NA,NA,NA,NA,NA
06083002502,CA03_SANTA MARIA,06083002502,CA,4,7286,"1,822:1",0,2070,4674,601,9.37,63.64,8.18,3703,3642,50.42,49.58,1.06,85.11,98.94,14.89,51.84,48.16,1576,106,286,6,1580,231,16.04,49.23,115.9199,265,7345,0.3336,0.3404,3,2,0,0,1,1,0,0,1,0,2,40.8441,2448.3333,0,1,0,0,0,NA,NA,NA,NA,NA,NA,NA,NA,NA
06085512508,CA00_GILROY,06085512508,CA,53,52259,986:1,50.6,14043,37127,5035,8.45,66.06,8.96,28066,28139,49.94,50.06,1.76,57.19,98.24,42.81,40.75,59.25,11731,948,3681,114,12664,916,9.32,29.99,760.0074,4988,56205,0.4972,0.5042,48,48,48,5,5,1,1,3,36,6,58.4,85.4017,1170.9375,0,6,0,0,0,NA,NA,NA,NA,NA,NA,NA,NA,NA
06085506703,CA00_LOS GATOS,06085506703,CA,120,145750,"1,215:1",0,29392,96796,22686,7.45,65.02,15.24,73446,75428,49.33,50.67,1.41,11.02,98.59,88.98,33.76,66.24,25225,556,35010,281,40727,1338,5.19,10.98,1098.4707,6220,148874,0.4393,0.4445,110,108,209,33,10,1,2,7,131,32,149,73.888,1353.4,NA,NA,NA,NA,NA,NA,NA,NA,NA,NA,NA,NA,NA,NA
06089010500,CA01_REDDING,06089010500,CA,110,102666,933:1,44.1,19472,66695,17002,6.72,64.65,16.48,50731,52438,49.17,50.83,0.87,8.75,99.13,91.25,13.66,86.34,18002,2830,2741,160,26939,3511,16.6,36.64,74.1105,32190,103169,0.6348,0.6271,91,84,176,10,19,12,2,5,43,14,97.4,88.2048,1133.7253,0,3,0,0,0,NA,NA,NA,NA,NA,NA,NA,NA,NA
06047000701,CA00_ATWATER,06047000701,CA,15,45126,"3,008:1",0,12221,30605,4716,8.54,64.37,9.92,24281,23261,51.07,48.93,4.15,53.33,95.85,46.67,36.67,63.33,9647,642,2381,121,10985,2161,23.12,50.17,587.9225,3824,47542,0.4408,0.4533,12,11,7,0,3,2,0,1,7,2,11,25.2408,3961.8333,3,1,0,0,0,NA,NA,NA,NA,NA,NA,NA,NA,NA
06059086902,CA01_ANAHEIM,06059086902,CA,93,195433,"2,101:1",0,43100,136906,20672,7.31,68.22,10.3,99185,101493,49.42,50.58,3.46,44.93,96.54,55.07,54.13,45.87,44290,2010,47228,1475,44862,4627,12.78,35.93,8922.1858,0,200678,0.3034,0.3201,85,84,101,11,8,3,0,5,112,10,96.7,42.3564,2360.9176,4,4,0,0,0,NA,NA,NA,NA,NA,NA,NA,NA,NA
06063000202,CA00_PLUMAS,06063000202,CA,15,9098,607:1,100,1378,6322,1746,5.36,66.93,18.48,4689,4757,49.64,50.36,1.62,6.96,98.38,93.04,12.5,87.5,1442,365,67,7,2550,347,15.41,34.44,7.045,6772,9446,0.6443,0.6573,13,13,3,0,2,1,0,1,9,2,13,137.6244,726.6154,NA,NA,NA,NA,NA,NA,NA,NA,NA,NA,NA,NA,NA,NA
06087110501,CA00_WATSONVILLE,06087110501,CA,68,82011,"1,206:1",0,21503,57027,7706,7.95,66.13,8.94,43542,42694,50.49,49.51,0.74,73.17,99.26,26.83,50.33,49.67,18113,1203,2697,86,18684,2739,16.72,45.04,692.7482,12441,86236,0.7247,0.7745,52,51,49,6,16,8,0,8,31,8,61.2,60.2996,1658.3846,0,16,0,0,0,NA,NA,NA,NA,NA,NA,NA,NA,NA
06045010500,CA01_FORT BRAGG,06045010500,CA,21,11179,532:1,99.8,2131,8023,2024,5.85,65.88,16.62,6104,6074,50.12,49.88,0.96,23.95,99.04,76.05,20.59,79.41,1983,234,163,16,2761,422,21.5,44.02,64.6343,2825,12178,0.6561,0.6969,20,20,18,3,1,1,0,0,5,3,23,164.2306,608.9,0,3,0,0,0,NA,NA,NA,NA,NA,NA,NA,NA,NA
06049000400,CA00_CEDARVILLE,06049000400,CA,2,1290,645:1,100,181,787,297,4.74,62.21,23.48,618,647,48.85,51.15,0.24,11.7,99.76,88.3,18.02,81.98,168,92,2,0,395,79,23.33,43.95,2.0742,1265,1265,0.6705,0.6531,1,1,0,0,1,1,0,0,0,0,1,79.0514,1265,NA,NA,NA,NA,NA,NA,NA,NA,NA,NA,NA,NA,NA,NA
06059063603,CA00_NEWPORT BEACH,06059063603,CA,434,325847,751:1,0,55143,245908,43219,5.41,71.43,12.55,172122,172148,50,50,1.25,22.08,98.75,77.92,28.76,71.24,78101,1496,46043,1030,75918,4596,10.88,23.42,3199.9747,465,344270,0.6311,0.604,382,380,1019,99,52,17,4,31,378,62,505.6,110.9594,901.2304,0,10,0,0,0,NA,NA,NA,NA,NA,NA,NA,NA,NA
06059099509,CA02_SEAL BEACH,06059099509,CA,8,7266,908:1,0,6,1332,6211,0.01,17.64,82.28,2609,4940,34.56,65.44,0.69,5.64,99.31,94.36,13.8,86.2,48,8,865,3,1367,98,10.02,35.98,8038.7152,0,7549,0.2983,0.2351,8,7,12,0,0,0,0,0,5,0,8.3,105.9743,943.625,NA,NA,NA,NA,NA,NA,NA,NA,NA,NA,NA,NA,NA,NA
06061022011,CA00_TRUCKEE,06061022011,CA,22,28406,"1,291:1",66.5,5400,22955,2916,5.41,73.41,9.32,16711,14560,53.44,46.56,0.4,19.23,99.6,80.77,11.58,88.42,5930,166,476,31,7322,407,8.68,22.81,85.4392,14060,31271,0.5548,0.5621,16,16,54,5,6,4,0,2,14,7,21.9,51.1656,1954.4375,0,1,0,0,0,NA,NA,NA,NA,NA,NA,NA,NA,NA
06065042515,CA01_MORENO VALLEY,06065042515,CA,65,70289,"1,081:1",0,20013,47636,4065,9.88,66.42,5.67,34770,36944,48.48,51.52,18.57,60.39,81.43,39.61,61.73,38.27,17268,624,3728,420,14983,2623,19.48,48.69,5371.9118,0,71714,0.2779,0.3511,55,55,45,7,10,4,0,6,33,2,69.6,76.6935,1303.8909,NA,NA,NA,NA,NA,NA,NA,NA,NA,NA,NA,NA,NA,NA
06067001500,CA00_SACRAMENTO,06067001500,CA,719,545727,759:1,0,111618,388912,62989,6.09,69.01,11.18,274921,288598,48.79,51.21,11.68,26.24,88.32,73.76,46.97,53.03,126279,7051,80472,5402,124193,15386,17.01,38.25,2884.5409,1089,563519,0.6818,0.6694,640,622,1411,113,79,35,2,42,415,75,825,113.572,880.4984,2,31,0,0,0,NA,NA,NA,NA,NA,NA,NA,NA,NA
06067008506,CA01_FOLSOM,06067008506,CA,62,71420,"1,152:1",0,16801,56003,8454,7.69,68.92,10.4,43228,38030,53.2,46.8,5.24,10.58,94.76,89.42,21.57,78.43,13597,436,7580,175,19921,384,3.07,8.77,909.9058,3500,81258,0.2889,0.3016,53,52,74,6,9,3,1,5,59,7,62.4,65.2243,1533.1698,NA,NA,NA,NA,NA,NA,NA,NA,NA,NA,NA,NA,NA,NA
06073000400,CA01_SAN DIEGO,06073000400,CA,892,610035,684:1,0,104696,481355,66502,4.95,73.76,10.19,336335,316218,51.54,48.46,7.72,30.16,92.28,69.84,37,63,157351,4854,58168,2837,127423,13875,16.08,35.08,4881.6449,624,652553,0.5959,0.5766,779,720,1779,109,113,53,13,47,424,69,946.6,119.3773,837.6804,0,54,0,0,0,NA,NA,NA,NA,NA,NA,NA,NA,NA
06073020017,CA00_VISTA,06073020017,CA,52,55758,"1,072:1",0,13707,38306,7787,6.85,64.06,13.02,29335,30465,49.06,50.94,2.28,37.82,97.72,62.18,36.12,63.88,12618,431,4640,220,13690,1159,12.24,34.51,2808.2223,8,59800,0.2007,0.1963,46,42,56,15,6,3,0,3,34,6,57.8,76.9231,1300,0,3,0,0,0,NA,NA,NA,NA,NA,NA,NA,NA,NA
06099003906,CA02_TURLOCK,06099003906,CA,35,41379,"1,182:1",27,10659,28357,4370,8.26,65.36,10.07,21481,21905,49.51,50.49,1.55,37.91,98.45,62.09,28.72,71.28,9480,462,2168,151,10379,1264,15.33,36.63,230.5286,8872,43386,0.3191,0.3214,32,32,16,2,3,2,0,1,23,2,34,73.7565,1355.8125,1,1,0,0,0,NA,NA,NA,NA,NA,NA,NA,NA,NA
06001428100,CA00_ALAMEDA,06001428100,CA,73,68474,938:1,0,11616,48324,9753,5.63,69.34,13.99,33099,36594,47.49,52.51,5.95,10.9,94.05,89.1,48.66,51.34,13958,368,21806,339,16765,1251,9.78,21.19,9147.5465,0,69693,0.4604,0.392,59,59,56,5,14,8,1,5,47,12,67.4,84.657,1181.2373,0,1,0,0,0,NA,NA,NA,NA,NA,NA,NA,NA,NA
06001441924,CA00_FREMONT,06001441924,CA,303,316363,"1,044:1",0,67300,223885,33981,6.62,68.85,10.45,161471,163695,49.66,50.34,4.13,19.12,95.87,80.88,67.98,32.02,68897,1575,155043,2671,80074,3327,5.95,16.05,2912.0086,1297,325166,0.71,0.7246,288,283,368,48,15,8,1,6,315,39,347.1,88.5701,1129.0486,0,15,0,0,0,NA,NA,NA,NA,NA,NA,NA,NA,NA
06007000700,CA00_CHICO,06007000700,CA,112,112075,"1,001:1",0,19544,83521,13344,5.68,71.75,11.46,58018,58391,49.84,50.16,1.71,16.32,98.29,83.68,18.36,81.64,27042,1542,4337,247,25969,2862,18.64,39.03,150.364,18233,116409,0.8687,0.8496,91,89,178,12,21,14,0,7,61,23,101.4,78.1726,1279.2198,0,4,0,0,0,NA,NA,NA,NA,NA,NA,NA,NA,NA
06013353001,CA00_ORINDA,06013353001,CA,15,20160,"1,344:1",0,4049,13359,4075,7.92,62.18,18.97,10327,11156,48.07,51.93,1.01,5.87,98.99,94.13,21.1,78.9,3259,42,3003,36,5791,107,3.19,7.45,885.8584,356,21483,0.2991,0.2994,14,14,20,3,1,0,0,1,10,3,17.1,65.1678,1534.5,NA,NA,NA,NA,NA,NA,NA,NA,NA,NA,NA,NA,NA,NA
06019005510,CA00_FRESNO,06019005510,CA,641,747914,"1,167:1",56.8,186588,503182,79817,8.02,65.38,10.37,379738,389849,49.34,50.66,6.06,45.3,93.94,54.7,44.62,55.38,164847,13231,84303,1283,173863,28313,21.17,43.66,280.4584,59527,769587,0.9092,0.9046,554,534,847,80,87,36,3,48,373,56,666.7,71.9867,1389.1462,2,24,0,0,0,NA,NA,NA,NA,NA,NA,NA,NA,NA
06023011600,CA00_MYERS FLAT,06023011600,CA,6,6420,"1,070:1",99.9,1251,6255,1036,4.57,73.23,12.13,4554,3988,53.31,46.69,0.91,6.99,99.09,93.01,11.43,88.57,1367,229,80,9,1738,156,18.24,38.8,11.633,8542,8542,0.554,0.5881,4,3,2,0,2,1,0,1,4,0,3,46.8274,2135.5,0,4,0,0,0,NA,NA,NA,NA,NA,NA,NA,NA,NA
06031001001,CA00_HANFORD,06031001001,CA,87,128355,"1,475:1",83.1,34317,102361,11685,7.35,68.99,7.88,84058,64305,56.66,43.34,7.12,49.37,92.88,50.63,44.73,55.27,27783,2409,5522,269,30703,4593,18.83,44.48,99.4566,22557,148363,0.7707,0.7735,64,61,66,9,23,16,0,7,39,6,77,43.1374,2318.1719,0,19,0,0,0,NA,NA,NA,NA,NA,NA,NA,NA,NA
06099003500,CA00_NEWMAN,06099003500,CA,2,11728,"5,864:1",2,3200,7989,1132,8.77,64.84,9.19,6139,6182,49.83,50.17,2.04,61.25,97.96,38.75,33.02,66.98,2581,120,204,40,2805,430,17.34,43.77,34.5394,2098,12321,0.3589,0.4086,1,1,0,0,1,1,0,0,2,0,1,8.1162,12321,0,1,0,0,0,NA,NA,NA,NA,NA,NA,NA,NA,NA
06099000202,CA00_OAKDALE,06099000202,CA,30,67132,"2,238:1",0,15705,45060,8218,7.95,65.32,11.91,34232,34751,49.62,50.38,1.13,34.28,98.87,65.72,23.53,76.47,13585,750,1570,180,17588,1464,10.83,26.16,185.881,14071,68983,0.5134,0.5234,21,21,9,1,9,6,0,3,18,2,25.1,30.4423,3284.9048,0,1,0,0,0,NA,NA,NA,NA,NA,NA,NA,NA,NA
06105000101,CA00_TRINITY CENTER,06105000101,CA,6,12481,"2,080:1",100,1869,8339,2603,5.46,65.09,20.32,6607,6204,51.57,48.43,0.45,7.16,99.55,92.84,12.63,87.37,1741,600,92,16,3507,301,14.69,38.74,5.4558,12811,12811,0.6418,0.6615,4,4,1,0,2,2,0,0,4,1,4,31.2232,3202.75,NA,NA,NA,NA,NA,NA,NA,NA,NA,NA,NA,NA,NA,NA
06107000402,CA00_DINUBA,06107000402,CA,16,21760,"1,360:1",99.9,6473,14053,1786,9.3,62.98,8,11339,10973,50.82,49.18,0.65,83.64,99.35,16.36,47.64,52.36,4759,199,491,17,4752,1089,25.74,55.37,1677.2105,1077,22312,0.4449,0.5104,13,13,2,2,3,1,0,2,3,2,14.3,58.2646,1716.3077,1,0,0,0,0,NA,NA,NA,NA,NA,NA,NA,NA,NA
06107002700,CA00_SPRINGVILLE,06107002700,CA,14,33031,"2,359:1",98.3,9646,21531,3290,8.52,62.47,9.55,17342,17125,50.31,49.69,1.09,63.87,98.91,36.13,42.39,57.61,7008,1574,775,89,7709,2157,32.39,60.34,15.4358,6862,34467,0.433,0.4469,11,11,10,2,3,2,0,1,10,3,13.4,31.9146,3133.3636,0,2,0,3,0,NA,NA,NA,NA,NA,NA,NA,NA,NA
06109001200,CA00_SONORA,06109001200,CA,72,66965,930:1,79.6,10259,46597,14804,5.42,65.03,20.66,37333,34327,52.1,47.9,1.76,10.74,98.24,89.26,12.22,87.78,9801,1240,730,118,18812,1402,10.97,30.46,25.6151,39654,71660,0.8622,0.8748,59,57,59,2,13,5,0,8,32,11,58.8,82.3332,1214.5763,NA,NA,NA,NA,NA,NA,NA,NA,NA,NA,NA,NA,NA,NA
06111005202,CA00_SOMIS,06111005202,CA,54,77562,"1,436:1",0,14929,52947,13795,6.76,64.83,16.89,39701,41970,48.61,51.39,1.84,23.34,98.16,76.66,24.15,75.85,14878,535,7400,149,20556,812,5.54,14.83,608.2967,4143,81671,0.5226,0.5319,46,43,80,5,8,5,1,2,57,16,55.6,56.3235,1775.4565,0,3,0,0,0,NA,NA,NA,NA,NA,NA,NA,NA,NA
06111005907,CA00_WESTLAKE VILLAGE,06111005907,CA,44,27221,619:1,0,4496,17456,5130,7.19,64.46,18.94,13185,13897,48.69,51.31,1.03,7.42,98.97,92.58,12.94,87.06,4011,43,1793,30,7626,266,4.68,12.11,742.6999,2771,27082,0.3167,0.3263,43,43,91,11,1,0,0,1,39,6,52.7,158.777,629.814,NA,NA,NA,NA,NA,NA,NA,NA,NA,NA,NA,NA,NA,NA
06037701602,CA00_SANTA MONICA,06037701602,CA,296,183572,620:1,0,25368,132833,28779,4.39,71.04,15.39,91206,95774,48.78,51.22,3.33,13.17,96.67,86.83,22.29,77.71,40453,698,17447,236,40685,2191,9.44,19.73,3113.4539,2491,186980,0.5144,0.5097,270,263,692,59,26,7,1,18,204,39,360.7,144.4005,692.5185,0,16,0,0,0,NA,NA,NA,NA,NA,NA,NA,NA,NA
06037540203,CA01_LYNWOOD,06037540203,CA,136,225886,"1,661:1",0,68048,156993,14448,9.53,65.55,6.03,116121,123368,48.49,51.51,23.38,74.43,76.62,25.57,69.68,30.32,57797,1759,962,1008,45376,10761,25.4,57.54,13220.7301,0,239489,0.1618,0.1494,94,93,189,21,42,15,3,24,21,4,141.7,39.2502,2547.7553,1,14,0,0,0,NA,NA,NA,NA,NA,NA,NA,NA,NA
06037401102,CA00_GLENDORA,06037401102,CA,104,135536,"1,303:1",0,27295,97951,17254,7.25,68.74,12.11,69027,73473,48.44,51.56,2.88,44.18,97.12,55.82,32.61,67.39,30304,1280,12963,205,32985,1858,8.96,25.2,321.413,1187,142500,0.4229,0.3713,86,86,116,16,18,9,0,9,69,14,103.6,60.3509,1656.9767,0,1,0,0,0,NA,NA,NA,NA,NA,NA,NA,NA,NA
06037463900,CA00_PASADENA,06037463900,CA,342,249224,729:1,0,42718,173048,35301,5.84,68.93,14.06,121371,129696,48.34,51.66,10.52,28.03,89.48,71.97,45.64,54.36,52121,1383,46885,234,59812,4315,10.65,26.42,2336.8623,116,251067,0.5874,0.5157,296,295,570,43,46,16,2,28,212,40,379.1,117.8968,848.1993,0,11,0,0,0,NA,NA,NA,NA,NA,NA,NA,NA,NA
06037265301,CA02_LOS ANGELES,06037265301,CA,544,359096,660:1,3,47317,281028,46456,3.84,74.98,12.39,181332,193469,48.38,51.62,11.1,20.56,88.9,79.44,41.17,58.83,97806,1828,57133,751,77253,5321,12.65,25.72,7123.5355,0,374801,0.3285,0.3307,490,467,1502,92,54,15,2,37,433,77,668.8,130.736,764.9,0,12,0,0,0,NA,NA,NA,NA,NA,NA,NA,NA,NA
06037554515,CA00_CERRITOS,06037554515,CA,32,58559,"1,830:1",0,10920,39266,7863,7.14,67.64,13.55,28495,29554,49.09,50.91,6.79,35.56,93.21,64.44,66.95,33.05,11792,349,23035,254,14238,1126,9.32,27,9334.4256,0,58049,0.1816,0.2444,29,28,49,3,3,3,0,0,53,10,38.1,49.9578,2001.6897,NA,NA,NA,NA,NA,NA,NA,NA,NA,NA,NA,NA,NA,NA
06041126100,CA00_MILL VALLEY,06041126100,CA,49,32550,664:1,0,6569,21447,5366,6.06,64.25,16.07,15732,17650,47.13,52.87,4.02,5.72,95.98,94.28,16.86,83.14,5527,84,2231,78,8500,393,5.96,11.81,546.9111,759,33382,0.3487,0.3369,45,44,53,7,4,2,0,2,20,8,52.4,134.8032,741.8222,0,2,0,0,0,NA,NA,NA,NA,NA,NA,NA,NA,NA
06043000101,CA00_MARIPOSA,06043000101,CA,9,13145,"1,461:1",99.9,1953,8157,2987,5.52,62.28,22.81,6540,6557,49.94,50.06,0.64,9.12,99.36,90.88,12.05,87.95,1757,433,138,9,3975,452,12.8,27.74,17.0827,13097,13097,0.4298,0.4607,4,4,4,0,5,4,0,1,5,0,4,30.5413,3274.25,NA,NA,NA,NA,NA,NA,NA,NA,NA,NA,NA,NA,NA,NA
06049000100,CA00_ALTURAS,06049000100,CA,4,5724,"1,431:1",100,1144,4101,1266,6.01,62.99,19.44,3301,3210,50.7,49.3,1.14,11.86,98.86,88.14,14.68,85.32,985,221,72,16,1618,267,18.68,42.98,2.739,3601,6511,0.5931,0.6219,3,3,1,0,1,1,0,0,2,1,3,46.0759,2170.3333,NA,NA,NA,NA,NA,NA,NA,NA,NA,NA,NA,NA,NA,NA
06053013200,CA01_MONTEREY,06053013200,CA,44,48564,"1,104:1",0,11393,34675,5085,6.6,67.79,9.94,25416,25737,49.69,50.31,7.62,35.34,92.38,64.66,47.87,52.13,11561,449,5910,877,11404,907,10.93,30.86,787.0778,2147,51153,0.226,0.2511,39,35,58,3,5,2,0,3,10,0,38.6,76.2419,1311.6154,2,0,0,0,0,NA,NA,NA,NA,NA,NA,NA,NA,NA
06059076101,CA00_ORANGE,06059076101,CA,538,576492,"1,072:1",0,136291,402982,52651,7.69,68.08,8.89,299186,292738,50.54,49.46,1.68,61.18,98.32,38.82,44.44,55.56,131904,4997,57642,1900,122819,13365,14.04,37.73,7552.4327,10,591924,0.584,0.5286,485,483,995,80,53,27,3,23,378,74,626.9,81.9362,1220.4619,1,29,0,0,0,NA,NA,NA,NA,NA,NA,NA,NA,NA
06059001706,CA00_FULLERTON,06059001706,CA,169,253331,"1,499:1",0,51966,173433,32432,7.14,67.27,12.58,126555,131276,49.08,50.92,1.9,41.34,98.1,58.66,44.3,55.7,54386,1839,49165,561,62162,4555,9.86,27.6,5327.8111,0,257831,0.4449,0.4054,134,134,287,23,35,16,3,16,207,41,159.4,51.972,1924.1119,1,6,0,0,0,NA,NA,NA,NA,NA,NA,NA,NA,NA
06059032022,CA00_MISSION VIEJO,06059032022,CA,290,370545,"1,278:1",0,79064,260710,41218,7.66,68.43,10.82,186856,194136,49.04,50.96,1.27,17.66,98.73,82.34,20.92,79.08,74244,1663,34474,580,98722,3153,4.7,12.02,1350.6937,3169,380992,0.5359,0.511,252,249,424,42,38,17,1,20,302,55,301.6,66.1431,1511.873,0,1,0,0,0,NA,NA,NA,NA,NA,NA,NA,NA,NA
06061020711,CA00_ROSEVILLE,06061020711,CA,292,213026,730:1,0,46958,143551,28402,7.92,65.58,12.97,105933,112978,48.39,51.61,1.66,12.44,98.34,87.56,18.37,81.63,43140,1674,16433,580,57321,2228,5.95,15.02,1016.324,8187,218911,0.6569,0.6703,269,262,417,49,23,15,0,8,210,36,319.4,122.881,813.7955,0,1,0,0,0,NA,NA,NA,NA,NA,NA,NA,NA,NA
06063000502,CA00_WESTWOOD,06063000502,CA,4,4072,"1,018:1",99.9,543,2449,965,5.38,61.89,24.39,2014,1943,50.9,49.1,0.38,6.27,99.62,93.73,6.92,93.08,506,68,28,5,1363,101,10.41,28.51,9.2516,3957,3957,0.6348,0.6553,4,4,0,0,0,0,0,0,3,1,3.9,101.0867,989.25,NA,NA,NA,NA,NA,NA,NA,NA,NA,NA,NA,NA,NA,NA
06047001302,CA00_MERCED,06047001302,CA,109,105059,964:1,14.7,28289,71761,10126,8.32,65.13,9.19,54946,55230,49.87,50.13,5.23,50.84,94.77,49.16,45.93,54.07,24182,1458,11888,230,23963,4886,24.18,53.03,143.8095,12402,110176,0.7792,0.7901,83,79,99,10,26,18,0,8,46,13,100.9,75.334,1327.4217,0,10,0,0,0,NA,NA,NA,NA,NA,NA,NA,NA,NA
06047000304,CA00_LIVINGSTON,06047000304,CA,7,15716,"2,245:1",0,4248,10543,1273,8.68,65.63,7.92,8120,7944,50.55,49.45,0.73,69.15,99.27,30.85,55.8,44.2,3540,413,2394,27,3452,499,18.03,49.11,284.2364,2796,16064,0.2953,0.2547,5,5,1,0,2,1,0,1,2,2,5,31.1255,3212.8,0,2,0,0,0,NA,NA,NA,NA,NA,NA,NA,NA,NA
06053011102,CA00_SOLEDAD,06053011102,CA,8,10316,"1,290:1",99.9,3486,7328,640,10.51,63.98,5.59,5747,5707,50.17,49.83,1.69,86.49,98.31,13.51,54.99,45.01,2717,171,337,20,2368,284,12.23,37.39,249.6278,233,11454,0.3464,0.4134,3,3,0,0,5,4,1,0,5,0,3,26.1917,3818,0,1,0,0,0,NA,NA,NA,NA,NA,NA,NA,NA,NA
06053011502,CA00_BIG SUR,06053011502,CA,9,1944,216:1,99.5,207,1276,227,4.39,74.62,13.27,904,806,52.87,47.13,0.35,22.46,99.65,77.54,13.57,86.43,301,10,22,2,243,33,24.43,36.21,6.8029,1710,1710,0.2781,0.2144,8,8,8,1,1,1,0,0,0,0,11,467.8363,213.75,NA,NA,NA,NA,NA,NA,NA,NA,NA,NA,NA,NA,NA,NA
06059021809,CA00_YORBA LINDA,06059021809,CA,130,170637,"1,313:1",0,32511,122658,19269,6.95,70.32,11.05,85396,89042,48.95,51.05,2.05,23.7,97.95,76.3,32.81,67.19,36896,893,29450,315,43499,1787,6.88,17.85,1990.0148,1945,174438,0.4394,0.4439,113,111,158,16,17,11,1,5,109,25,132.7,64.7795,1543.6991,0,1,0,0,0,NA,NA,NA,NA,NA,NA,NA,NA,NA
06059062641,CA00_LAGUNA WOODS,06059062641,CA,134,114867,857:1,0,19795,75212,22779,5.56,63.85,19.34,55392,62394,47.03,52.97,1.73,21.63,98.27,78.37,27.51,72.49,22370,436,14909,246,27904,1076,6.81,18.9,4894.3186,0,117786,0.5603,0.5949,122,121,238,18,12,6,0,6,105,26,146.9,103.5777,965.459,0,2,0,0,0,NA,NA,NA,NA,NA,NA,NA,NA,NA
06059099802,CA00_WESTMINSTER,06059099802,CA,217,246810,"1,137:1",0,53184,171350,28530,7.25,67.71,11.27,126326,126738,49.92,50.08,1.06,37.22,98.94,62.78,67.28,32.72,54447,1616,110418,1295,53958,7144,15.12,40.25,10774.9097,0,253064,0.624,0.6773,199,197,169,35,18,10,1,7,229,29,239.2,78.6362,1271.6784,0,4,0,0,0,NA,NA,NA,NA,NA,NA,NA,NA,NA
06065045501,CA01_INDIO,06065045501,CA,7,76795,"10,971:1",0,26548,53663,5392,9.76,62.69,6.3,43622,41981,50.96,49.04,1.09,91.87,98.91,8.13,53.44,46.56,19064,896,659,42,16881,4868,32.81,66.42,303.1437,14930,85603,0.3607,0.4428,6,6,7,0,1,1,0,0,7,2,6.2,7.0091,14267.1667,0,11,0,0,0,NA,NA,NA,NA,NA,NA,NA,NA,NA
06083002103,CA01_SANTA MARIA,06083002103,CA,73,99406,"1,362:1",0,27480,67372,10242,7.85,64.11,9.75,52968,52126,50.4,49.6,1.66,69.38,98.34,30.62,42.99,57.01,22845,1950,5169,166,21574,2881,17.05,48,3046.3397,327,105094,0.7031,0.7238,64,60,107,14,9,7,0,2,64,12,73.6,60.8979,1642.0938,0,20,0,0,0,NA,NA,NA,NA,NA,NA,NA,NA,NA
06041132200,CA00_INVERNESS,06041132200,CA,8,6581,823:1,94.4,958,4912,1441,4.5,67.19,19.71,3625,3686,49.58,50.42,0.86,15.4,99.14,84.6,12.32,87.68,1013,46,101,21,1595,71,7.87,26.59,22.2326,7311,7311,0.5411,0.6292,8,7,2,0,0,0,0,0,1,3,6.8,109.4242,913.875,0,5,0,0,0,NA,NA,NA,NA,NA,NA,NA,NA,NA
06045011102,CA00_POINT ARENA,06045011102,CA,3,4884,"1,628:1",86.1,705,3490,1440,4.29,61.93,25.55,2825,2810,50.13,49.87,0.48,16.75,99.52,83.25,16.34,83.66,644,194,40,10,1427,96,11.4,29.71,15.0797,5635,5635,0.7983,0.8668,2,2,2,1,1,0,0,1,2,0,3,35.4925,2817.5,0,4,0,0,0,NA,NA,NA,NA,NA,NA,NA,NA,NA
06061021501,CA00_AUBURN,06061021501,CA,85,79921,940:1,65.9,12649,52609,15222,6.21,65.37,18.91,39662,40818,49.28,50.72,0.55,8.77,99.45,91.23,9.17,90.83,11971,899,1187,76,23392,991,7.37,19.58,86.5905,35237,80480,0.7519,0.7598,73,70,68,4,12,7,2,3,39,13,75.3,90.7058,1102.4658,0,2,0,0,0,NA,NA,NA,NA,NA,NA,NA,NA,NA
06063000300,CA00_BECKWOURTH,06063000300,CA,6,10368,"1,728:1",45.4,1386,6339,2119,4.66,64.39,21.53,4946,4898,50.24,49.76,0.3,9.84,99.7,90.16,9.88,90.12,1313,150,51,8,3130,127,9.41,29.43,5.6649,7312,9844,0.225,0.1949,5,5,4,0,1,1,0,0,6,0,5,50.7924,1968.8,0,1,0,0,0,NA,NA,NA,NA,NA,NA,NA,NA,NA
06065044602,CA00_PALM SPRINGS,06065044602,CA,81,115674,"1,428:1",0,22554,75632,21446,6.44,63.22,17.93,63120,56512,52.76,47.24,4.55,44.43,95.45,55.57,33.01,66.99,20292,1393,4786,213,25635,2817,15.59,41.65,389.7685,6741,119632,0.5198,0.5377,72,72,136,14,9,5,0,4,42,6,90.1,60.1846,1661.5556,0,7,0,0,0,NA,NA,NA,NA,NA,NA,NA,NA,NA
06097153902,CA00_HEALDSBURG,06097153902,CA,32,49834,"1,557:1",0,9722,33361,6916,6.79,66.72,13.83,25061,24938,50.12,49.88,0.7,31.9,99.3,68.1,25.05,74.95,8988,936,943,77,12759,595,7.44,26.56,115.5313,8890,49999,0.7171,0.7113,28,28,30,2,4,3,0,1,34,7,31.2,56.0011,1785.6786,0,6,0,0,0,NA,NA,NA,NA,NA,NA,NA,NA,NA
06097153403,CA00_SEBASTOPOL,06097153403,CA,36,48349,"1,343:1",0,6248,34088,7969,4.96,70.57,16.5,24033,24272,49.75,50.25,0.72,10.94,99.28,89.06,11.19,88.81,7176,508,752,77,12618,635,8.45,21.41,87.321,21696,48305,0.589,0.5959,32,32,34,0,4,1,0,3,21,4,33.1,66.2457,1509.5313,0,8,0,0,0,NA,NA,NA,NA,NA,NA,NA,NA,NA
06099001300,CA01_MODESTO,06099001300,CA,190,167749,883:1,0,38628,110572,18803,7.71,65.82,11.19,82871,85132,49.33,50.67,3.66,42.21,96.34,57.79,37.24,62.76,34732,1977,10097,1272,39852,6278,19.32,42.12,981.3156,7913,168003,0.49,0.4789,169,167,264,26,21,13,0,8,88,11,200.3,100.5934,994.1006,2,8,0,0,0,NA,NA,NA,NA,NA,NA,NA,NA,NA
06111000701,CA00_SANTA PAULA,06111000701,CA,27,36132,"1,338:1",0,9132,24194,3837,7.85,65.1,10.32,18705,18458,50.33,49.67,0.51,76.64,99.49,23.36,37.13,62.87,7752,547,306,34,8042,1105,17.21,43.48,421.8774,2848,37163,0.6191,0.5945,24,24,8,0,3,2,0,1,14,1,25,64.5804,1548.4583,0,4,0,0,0,NA,NA,NA,NA,NA,NA,NA,NA,NA
06065030300,CA03_RIVERSIDE,06065030300,CA,87,186498,"2,144:1",0,44439,130170,14712,8.22,68.76,7.77,94549,94772,49.94,50.06,8.13,51.95,91.87,48.05,46.02,53.98,43288,1947,10965,644,41849,4936,15.66,39.47,2515.3236,871,189321,0.2799,0.2847,63,62,158,8,24,7,3,14,74,7,72.2,33.2768,3005.0952,0,12,0,0,0,NA,NA,NA,NA,NA,NA,NA,NA,NA
06065031401,CA05_RIVERSIDE,06065031401,CA,43,41233,959:1,0,7604,28573,5483,7.23,68.59,13.16,20520,21140,49.26,50.74,5.96,30.31,94.04,69.69,28.48,71.52,7811,311,2548,121,10821,414,6.11,21.97,2165.1247,0,41660,0.3107,0.2775,35,35,57,3,8,5,0,3,15,2,40.4,84.0134,1190.2857,NA,NA,NA,NA,NA,NA,NA,NA,NA,NA,NA,NA,NA,NA
06065043001,CA00_LAKE ELSINORE,06065043001,CA,22,66213,"3,010:1",0,17815,47399,5151,8.77,67.36,7.32,35588,34777,50.58,49.42,3.84,49.86,96.16,50.14,37.34,62.66,15200,815,2015,189,15427,2077,17.63,38.93,515.718,3139,70365,0.3262,0.4192,14,14,0,0,8,6,0,2,11,1,13.9,19.8963,5026.0714,0,3,0,0,0,NA,NA,NA,NA,NA,NA,NA,NA,NA
06069000600,CA00_HOLLISTER,06069000600,CA,24,54160,"2,257:1",95.1,13127,36782,5360,8.52,66.55,9.7,27629,27640,49.99,50.01,0.87,56.43,99.13,43.57,36.35,63.65,11224,895,1443,94,13377,1230,11.67,29.74,39.7988,13267,55269,0.6917,0.767,18,18,23,4,6,3,1,2,14,5,21.2,32.568,3070.5,0,2,0,0,0,NA,NA,NA,NA,NA,NA,NA,NA,NA
06071007409,CA00_HIGHLAND,06071007409,CA,31,28216,910:1,0,6678,19894,2464,8.7,68.51,8.49,14062,14974,48.43,51.57,8.15,36.2,91.85,63.8,37.88,62.12,6098,271,2690,82,7021,279,6.25,16.33,1828.1371,173,29036,0.2598,0.248,23,23,19,2,8,3,0,5,7,2,26,79.212,1262.4348,NA,NA,NA,NA,NA,NA,NA,NA,NA,NA,NA,NA,NA,NA
06073008360,CA02_SAN DIEGO,06073008360,CA,57,91336,"1,602:1",0,16530,67422,8014,5.8,73.31,8.71,48020,43946,52.21,47.79,4.13,12.8,95.87,87.2,56.82,43.18,19543,344,37562,553,21696,1037,6.73,16.93,1946.0734,0,91966,0.3733,0.3548,54,54,53,2,3,2,0,1,70,15,59.6,58.7174,1703.0741,0,2,0,0,0,NA,NA,NA,NA,NA,NA,NA,NA,NA
06073017054,CA00_POWAY,06073017054,CA,110,111280,"1,012:1",0,22642,74718,18088,7.12,64.72,15.67,55855,59593,48.38,51.62,1.96,11.92,98.04,88.08,27,73,20757,460,18613,262,30898,801,4.1,10.4,1353.5026,4380,115448,0.4248,0.4271,98,94,172,16,12,5,0,7,128,18,115.2,84.8867,1178.0408,NA,NA,NA,NA,NA,NA,NA,NA,NA,NA,NA,NA,NA,NA
06065044918,CA00_RANCHO MIRAGE,06065044918,CA,172,157954,918:1,62.3,23933,89805,49824,5.31,54.91,30.46,79446,84116,48.57,51.43,1.84,28.6,98.16,71.4,20.12,79.88,22762,1290,4987,160,43409,2885,9.94,26.92,249.179,9186,163562,0.6656,0.6551,147,142,333,19,25,14,0,11,98,21,161.3,89.8742,1112.6667,0,9,0,0,0,NA,NA,NA,NA,NA,NA,NA,NA,NA
06071005400,CA00_SAN BERNARDINO,06071005400,CA,149,363346,"2,439:1",49.1,97367,244408,28734,8.71,65.97,7.76,182669,187840,49.3,50.7,14.53,60.24,85.47,39.76,53.22,46.78,83432,4593,12093,1414,78849,14666,22.67,50.22,1538.833,4078,370509,0.4768,0.5041,124,124,224,10,25,17,0,8,90,28,147.1,33.4675,2987.9758,0,11,0,0,0,NA,NA,NA,NA,NA,NA,NA,NA,NA
06071009500,CA00_BARSTOW,06071009500,CA,21,53474,"2,546:1",98.3,13453,35820,6024,7.37,64.78,10.89,28475,26822,51.49,48.51,9.71,35.91,90.29,64.09,37.92,62.08,11140,1011,1621,520,13468,1909,17.81,39.57,5.682,11743,55297,0.5996,0.6211,19,16,17,5,2,2,0,0,16,1,21.1,34.3599,2910.3684,0,3,0,0,0,NA,NA,NA,NA,NA,NA,NA,NA,NA
06071011205,CA00_BIG BEAR LAKE,06071011205,CA,4,18356,"4,589:1",39.7,3391,13275,3166,5.92,66.94,15.96,10143,9689,51.14,48.86,0.81,18.87,99.19,81.13,15.98,84.02,3081,266,203,46,4551,547,17.77,42.62,46.586,3959,19832,0.6048,0.6563,0,0,2,0,4,2,0,2,7,0,1,0,0,NA,NA,NA,NA,NA,NA,NA,NA,NA,NA,NA,NA,NA,NA
06073002804,CA05_SAN DIEGO,06073002804,CA,26,32036,"1,232:1",0,8048,24030,2436,7.42,69.62,7.06,17271,17243,50.04,49.96,14.48,43.29,85.52,56.71,61.65,38.35,8805,289,6896,85,6469,2003,34.46,64.09,16277.5964,0,34514,0.3028,0.2987,25,24,8,0,1,1,0,0,21,0,23.2,72.4344,1380.56,0,6,0,0,0,NA,NA,NA,NA,NA,NA,NA,NA,NA
06073020806,CA00_RAMONA,06073020806,CA,5,35873,"7,175:1",0,7006,24126,3738,7.6,69.19,10.72,17533,17337,50.28,49.72,0.89,23.54,99.11,76.46,17.37,82.63,6452,353,503,114,9517,522,8.06,23.23,258.259,8957,34870,0.5797,0.6391,5,5,3,0,0,0,0,0,11,2,5,14.339,6974,0,1,0,0,0,NA,NA,NA,NA,NA,NA,NA,NA,NA
06097150609,CA00_PETALUMA,06097150609,CA,57,79708,"1,398:1",29.6,14934,55691,10278,6.4,68.84,12.7,39920,40983,49.34,50.66,1.33,20.34,98.67,79.66,18.61,81.39,15124,555,3165,187,20304,867,7.67,20.94,514.0277,7851,80903,0.6884,0.7177,51,48,77,9,6,4,1,1,51,9,57.7,63.0385,1586.3333,0,7,0,0,0,NA,NA,NA,NA,NA,NA,NA,NA,NA
06099000912,CA02_MODESTO,06099000912,CA,135,151528,"1,122:1",0,37694,104419,15384,8.18,66.3,9.77,77965,79532,49.5,50.5,3.08,42.72,96.92,57.28,36.28,63.72,33341,2021,8923,1279,37041,5089,16.86,40.26,843.0788,5456,157497,0.4365,0.4721,119,117,188,13,16,12,0,4,68,10,138,75.557,1323.5042,2,6,0,0,0,NA,NA,NA,NA,NA,NA,NA,NA,NA
06103000700,CA00_RED BLUFF,06103000700,CA,39,61201,"1,569:1",99.9,13166,40226,10071,6.98,63.38,15.87,31610,31853,49.81,50.19,0.64,21.91,99.36,78.09,18.5,81.5,11063,1644,656,76,15890,2342,20.26,45.23,21.515,32676,63463,0.6292,0.6402,27,25,34,3,12,8,0,4,17,4,26,42.5445,2350.4815,0,5,0,0,0,NA,NA,NA,NA,NA,NA,NA,NA,NA
06107001200,CA00_VISALIA,06107001200,CA,162,190889,"1,178:1",77.1,51070,129066,20121,8.34,64.45,10.05,99671,100586,49.77,50.23,1.6,53.64,98.4,46.36,37.65,62.35,41592,2898,8375,224,46133,7149,19.2,44.26,146.5613,20820,200257,0.8258,0.8099,114,108,185,24,48,30,1,17,88,17,134.9,56.9268,1756.6404,2,11,0,0,0,NA,NA,NA,NA,NA,NA,NA,NA,NA
06111003300,CA01_OXNARD,06111003300,CA,59,172934,"2,931:1",0,43146,119507,16431,7.51,66.73,9.18,91140,87944,50.89,49.11,3.23,68.71,96.77,31.29,48.99,51.01,38694,2481,11955,699,37539,4358,14.39,38.61,3419.9727,310,179084,0.4359,0.4355,47,44,41,1,12,9,0,3,65,12,45.3,26.2447,3810.2979,0,6,0,0,0,NA,NA,NA,NA,NA,NA,NA,NA,NA
06111000302,CA00_FILLMORE,06111000302,CA,9,14096,"1,566:1",50.6,3605,9284,1496,8.14,64.54,10.4,7256,7129,50.44,49.56,0.54,75.46,99.46,24.54,43.55,56.45,3041,220,116,5,3322,250,9.71,38.75,125.5556,3871,14385,0.2657,0.2894,7,6,0,0,2,1,0,1,5,0,6,48.6618,2055,0,8,0,0,0,NA,NA,NA,NA,NA,NA,NA,NA,NA
06113010505,CA00_DAVIS,06113010505,CA,125,68428,547:1,0,9688,59452,6469,4.83,78.63,8.56,35872,39737,47.44,52.56,2.25,12.91,97.75,87.09,36.08,63.92,23810,391,17074,147,13397,1009,22.9,36.63,371.7803,2815,75609,0.6148,0.5996,117,115,105,16,8,7,1,0,44,3,136.3,154.7435,646.2308,0,1,0,0,0,NA,NA,NA,NA,NA,NA,NA,NA,NA
06065045207,CA02_INDIO,06065045207,CA,24,58294,"2,429:1",0,15900,39485,6592,8.45,63.71,10.64,30581,31396,49.34,50.66,1.93,70.18,98.07,29.82,40.34,59.66,13205,592,1288,62,13781,1496,15.09,39.66,2603.7644,627,61977,0.2662,0.2762,21,21,28,5,3,2,0,1,7,6,25.7,33.8835,2951.2857,0,2,0,0,0,NA,NA,NA,NA,NA,NA,NA,NA,NA
06067008403,CA02_FOLSOM,06067008403,CA,75,25301,337:1,0,6732,19229,2371,7.75,67.87,8.37,13687,14645,48.31,51.69,1.66,9.8,98.34,90.2,26.93,73.07,6253,168,4826,75,6810,198,3.94,11.25,1902.7555,0,28332,0.3395,0.3237,71,70,44,11,4,1,0,3,45,3,85.3,250.6,399.0423,NA,NA,NA,NA,NA,NA,NA,NA,NA,NA,NA,NA,NA,NA
06071000604,CA00_CHINO,06071000604,CA,128,188734,"1,474:1",0,42916,139927,13714,8.01,71.19,6.98,98691,97866,50.21,49.79,6.01,50.76,93.99,49.24,45.41,54.59,44403,1731,26272,461,44799,2192,6.35,21.68,2044.99,3655,196557,0.2962,0.2947,102,102,98,3,26,11,0,15,102,11,116.4,51.8933,1927.0294,0,1,0,0,0,NA,NA,NA,NA,NA,NA,NA,NA,NA
06071008703,CA00_YUCAIPA,06071008703,CA,23,61828,"2,688:1",0,13707,42404,8720,7.37,65.41,13.45,31901,32930,49.21,50.79,2.22,27.33,97.78,72.67,21.66,78.34,12451,667,2285,90,15850,1174,10.04,25.59,1138.7216,3054,64831,0.3997,0.3755,18,18,8,0,5,2,0,3,23,1,18.9,27.7645,3601.7222,NA,NA,NA,NA,NA,NA,NA,NA,NA,NA,NA,NA,NA,NA
06071010026,CA00_VICTORVILLE,06071010026,CA,158,301722,"1,910:1",8.6,83484,209763,31967,9.13,64.5,9.83,162425,162789,49.94,50.06,11.51,43.94,88.49,56.06,42.21,57.79,67630,4158,9710,1292,71640,11026,19.3,41.77,511.757,15638,325214,0.5635,0.5994,119,112,124,8,39,20,1,18,95,17,121.6,36.5913,2732.8908,0,6,0,0,0,NA,NA,NA,NA,NA,NA,NA,NA,NA
06071003000,CA01_FONTANA,06071003000,CA,18,53698,"2,983:1",0,16562,37272,3331,9.67,65.2,5.83,28370,28795,49.63,50.37,8,78.98,92,21.02,54.23,45.77,13563,639,988,174,11227,2180,22.15,55.44,9650.9231,0,57165,0.1393,0.1676,17,17,18,7,1,1,0,0,12,3,24,29.7385,3362.6471,0,2,0,0,0,NA,NA,NA,NA,NA,NA,NA,NA,NA
06073008329,CA04_SAN DIEGO,06073008329,CA,94,55227,588:1,0,14411,40400,4842,8.93,67.73,8.12,29123,30530,48.82,51.18,0.86,7.31,99.14,92.69,28.72,71.28,11743,100,13218,51,15032,653,4.28,8.88,1889.1983,72,59653,0.245,0.2175,90,86,146,19,4,1,0,3,58,5,110.6,150.8725,662.8111,NA,NA,NA,NA,NA,NA,NA,NA,NA,NA,NA,NA,NA,NA
06037121210,CA00_PACOIMA,06037121210,CA,10,38550,"3,855:1",0,10228,27702,2928,8.54,67.8,7.17,20445,20413,50.04,49.96,4.3,81.2,95.7,18.8,54.21,45.79,9402,369,2317,68,8076,1409,21.09,53.66,8962.2719,0,40858,0.1563,0.1534,8,8,14,1,2,1,0,1,6,0,9.5,19.58,5107.25,0,3,0,0,0,NA,NA,NA,NA,NA,NA,NA,NA,NA
06037700802,CA00_BEVERLY HILLS,06037700802,CA,461,316648,687:1,0,39382,233643,44441,3.78,73.6,14,159410,158056,50.21,49.79,8.92,16.53,91.08,83.47,29.6,70.4,75705,1263,27530,286,60859,5169,12.72,28.39,8206.8788,0,317466,0.6606,0.6689,429,423,1645,128,32,7,2,23,477,64,630.2,135.1326,740.014,0,9,0,0,0,NA,NA,NA,NA,NA,NA,NA,NA,NA
06037552301,CA02_NORWALK,06037552301,CA,19,24403,"1,284:1",0,6075,17515,2413,8.18,67.36,9.28,12856,13147,49.44,50.56,5.43,72.09,94.57,27.91,49.68,50.32,5875,343,2793,119,5350,604,13.54,33.28,10622.0159,0,26003,0.2011,0.1891,16,15,18,0,3,2,0,1,9,3,16,61.5314,1625.1875,0,1,0,0,0,NA,NA,NA,NA,NA,NA,NA,NA,NA
06037601001,CA00_INGLEWOOD,06037601001,CA,161,491975,"3,056:1",0,119258,334353,45945,8.15,66.93,9.2,237482,262074,47.54,52.46,44.01,52.65,55.99,47.35,79.5,20.5,114368,3346,4834,601,107775,25060,25.79,54.78,13378.6737,0,499556,0.2731,0.275,117,115,152,12,44,23,0,21,76,21,131.2,23.4208,4269.7094,2,34,0,0,0,NA,NA,NA,NA,NA,NA,NA,NA,NA
06037302401,CA01_GLENDALE,06037302401,CA,130,180986,"1,392:1",0,28175,126962,22766,5.32,71.37,12.8,87909,89994,49.41,50.59,2.02,41.3,97.98,58.7,42.88,57.12,39892,1108,31759,174,41384,4873,14.29,35.49,6821.419,14,177903,0.3096,0.3227,104,104,153,10,26,10,0,16,102,19,136.3,58.4588,1710.6058,0,12,0,0,0,NA,NA,NA,NA,NA,NA,NA,NA,NA
06037406200,CA02_WEST COVINA,06037406200,CA,59,95214,"1,614:1",0,20352,65599,11069,7.76,67.61,11.41,47537,49483,49,51,3.38,62.01,96.62,37.99,46.41,53.59,20767,1050,13052,151,21777,1734,10.57,28.66,4108.8239,0,97020,0.1767,0.1602,44,44,127,2,15,6,2,7,36,8,51.6,45.3515,2205,NA,NA,NA,NA,NA,NA,NA,NA,NA,NA,NA,NA,NA,NA
06037533107,CA02_HUNTINGTON PARK,06037533107,CA,38,62284,"1,639:1",0,15490,41068,4225,8.62,67.56,6.95,30194,30589,49.68,50.32,0.66,96.97,99.34,3.03,46.5,53.5,14297,758,303,39,13036,2794,22.28,54.73,20467.3338,0,60783,0.2516,0.2782,19,19,23,5,19,12,0,7,18,4,25.2,31.2587,3199.1053,2,1,0,0,0,NA,NA,NA,NA,NA,NA,NA,NA,NA
06037550901,CA00_DOWNEY,06037550901,CA,252,199343,791:1,0,44242,137111,20479,7.97,67.93,10.15,98678,103154,48.89,51.11,3.77,73.11,96.23,26.89,44.76,55.24,45794,1824,13211,464,45480,3655,10.38,31.19,7847.9481,0,201832,0.4263,0.3977,228,223,445,41,24,8,1,15,118,14,278.7,112.9652,885.2281,1,8,0,0,0,NA,NA,NA,NA,NA,NA,NA,NA,NA
06037183220,CA08_LOS ANGELES,06037183220,CA,10,11669,"1,167:1",0,2388,7480,1001,7.6,68.82,9.21,5398,5471,49.66,50.34,1.63,75.6,98.37,24.4,56.97,43.03,2498,124,1441,10,2403,358,16.79,46.46,19345.0842,0,10869,0.1167,0.0996,8,8,2,0,2,1,0,1,2,0,13.2,73.6038,1358.625,NA,NA,NA,NA,NA,NA,NA,NA,NA,NA,NA,NA,NA,NA
06037203500,CA03_LOS ANGELES,06037203500,CA,316,311907,987:1,0,85862,215033,23264,8.78,66.34,7.18,162802,161357,50.22,49.78,4.01,92.19,95.99,7.81,55.9,44.1,76496,3926,5215,144,61877,18336,30.92,66.33,13043.9062,0,324159,0.4664,0.458,268,266,585,48,48,26,1,21,80,14,388.4,82.6755,1209.5485,1,41,0,0,0,NA,NA,NA,NA,NA,NA,NA,NA,NA
06037900703,CA00_LANCASTER,06037900703,CA,241,397954,"1,651:1",3.3,103882,286162,34976,8.87,67.33,8.23,212823,212197,50.07,49.93,15.02,43.3,84.98,56.7,45.6,54.4,89890,4226,16071,988,93686,14670,18.64,40.97,154.5078,41849,425020,0.7737,0.8114,205,201,251,26,36,20,0,16,111,14,236.7,48.233,2073.2683,0,11,0,0,0,NA,NA,NA,NA,NA,NA,NA,NA,NA
06065044103,CA00_BANNING,06065044103,CA,49,68504,"1,398:1",0,15557,43684,14318,7.1,59.39,19.46,35576,37983,48.36,51.64,5.72,38.4,94.28,61.6,33.55,66.45,13232,1906,3869,144,18226,1751,13.1,35.23,307.0147,6399,73559,0.4779,0.5111,41,40,34,4,8,6,0,2,20,4,44,55.7376,1794.122,0,2,0,0,0,NA,NA,NA,NA,NA,NA,NA,NA,NA
06071010412,CA00_YUCCA VALLEY,06071010412,CA,26,63284,"2,434:1",99.3,13416,45462,9016,5.76,66.96,13.28,35518,32376,52.31,47.69,4.7,18.4,95.3,81.6,20.49,79.51,12908,899,1723,439,16450,1983,16.24,41.17,24.2649,22825,67894,0.6907,0.7621,22,21,22,2,4,2,0,2,9,3,24.1,32.4035,3086.0909,0,6,0,0,0,NA,NA,NA,NA,NA,NA,NA,NA,NA
06073011000,CA02_CORONADO,06073011000,CA,7,5898,843:1,0,1077,4244,1176,6.42,65.32,18.1,3115,3382,47.95,52.05,1.34,11.36,98.66,88.64,11.76,88.24,1171,29,243,12,1522,23,6.61,11.87,9569.723,0,6497,0.4207,0.453,7,7,17,0,0,0,0,0,0,1,7.4,107.742,928.1429,NA,NA,NA,NA,NA,NA,NA,NA,NA,NA,NA,NA,NA,NA
06073013310,CA01_CHULA VISTA,06073013310,CA,153,204523,"1,337:1",0,48132,148174,20860,7.96,68.23,9.61,108192,108974,49.82,50.18,5.5,52.27,94.5,47.73,48.88,51.12,47318,1450,39163,1359,50174,2628,6.68,20.84,3558.6983,2112,217166,0.3076,0.3122,136,129,153,20,17,10,1,6,95,10,157,62.6249,1596.8088,0,2,0,0,0,NA,NA,NA,NA,NA,NA,NA,NA,NA
06037406102,CA00_COVINA,06037406102,CA,30,21566,719:1,0,4008,14847,2839,7.14,68.44,13.09,10483,11211,48.32,51.68,3.33,41.93,96.67,58.07,45.5,54.5,4440,220,4651,59,5288,311,9.35,24.18,3194.9658,0,21694,0.2486,0.2394,27,27,49,1,3,0,0,3,35,10,29.6,124.4584,803.4815,0,2,0,0,0,NA,NA,NA,NA,NA,NA,NA,NA,NA
06037501802,CA01_WHITTIER,06037501802,CA,11,54356,"4,941:1",0,10983,38264,7009,6.93,68.02,12.46,27252,29004,48.44,51.56,1.4,66.41,98.6,33.59,37.9,62.1,12212,662,4044,71,13208,871,9.19,24.2,2991.0951,0,56256,0.2267,0.2136,8,7,42,6,3,1,0,2,31,5,13.6,14.2207,7032,NA,NA,NA,NA,NA,NA,NA,NA,NA,NA,NA,NA,NA,NA
06037134422,CA00_WEST HILLS,06037134422,CA,133,208197,"1,565:1",0,39834,145910,24537,6.72,69.39,11.67,104298,105983,49.6,50.4,4.01,32.38,95.99,67.62,37.43,62.57,43428,1085,28475,282,52025,4368,11.03,27.97,2307.8241,2466,210281,0.3823,0.3662,117,115,194,19,16,9,0,7,139,36,142.9,55.6398,1797.2735,0,3,0,0,0,NA,NA,NA,NA,NA,NA,NA,NA,NA
06039000800,CA01_MADERA,06039000800,CA,49,91140,"1,860:1",73,27289,68804,8190,8.25,65.98,7.85,49272,55011,47.25,52.75,4.94,66.77,95.06,33.23,45.57,54.43,25796,2702,2109,124,20003,3843,23.44,52.97,188.5304,17807,104283,0.678,0.7373,35,35,71,10,14,4,0,10,32,8,45.1,33.5625,2979.5143,0,9,0,0,0,NA,NA,NA,NA,NA,NA,NA,NA,NA
06107003801,CA00_PORTERVILLE,06107003801,CA,57,58529,"1,027:1",48.5,15958,36853,6099,8.93,62.56,10.35,29409,29501,49.92,50.08,0.91,58.16,99.09,41.84,38.11,61.89,11793,956,2805,61,13819,2690,23.97,50.88,216.4177,10723,58910,0.4269,0.4282,40,39,37,5,17,7,1,9,9,2,44.5,67.9002,1472.75,0,4,0,0,0,NA,NA,NA,NA,NA,NA,NA,NA,NA
06113011400,CA00_WOODLAND,06113011400,CA,59,69917,"1,185:1",0,16458,48719,8219,7.48,66.38,11.2,36445,36951,49.66,50.34,1.54,47.4,98.46,52.6,36.54,63.46,14883,1006,3826,221,17733,1561,12.42,33.62,84.1721,11954,73396,0.7125,0.749,48,47,43,4,11,5,0,6,28,7,54,65.3987,1529.0833,0,6,0,0,0,NA,NA,NA,NA,NA,NA,NA,NA,NA
06073008312,CA00_LA JOLLA,06073008312,CA,254,97067,382:1,0,11503,79013,16687,3.25,73.7,15.57,52867,54336,49.31,50.69,1.35,10.12,98.65,89.88,30.2,69.8,28265,238,22691,174,21271,986,15.56,24.46,4215.8014,0,107203,0.5044,0.5151,236,219,754,66,18,4,0,14,135,19,307,220.1431,454.25,NA,NA,NA,NA,NA,NA,NA,NA,NA,NA,NA,NA,NA,NA
06075013500,CA06_SAN FRANCISCO,06075013500,CA,85,26781,315:1,0,2022,21228,3480,1.43,79.42,13.02,12209,14521,45.68,54.32,1.34,5.66,98.66,94.34,18.76,81.24,8716,40,3314,32,4566,70,5.88,10.87,28294.7738,0,26730,0.2074,0.177,76,75,302,16,9,3,0,6,66,11,102.9,284.3247,351.7105,NA,NA,NA,NA,NA,NA,NA,NA,NA,NA,NA,NA,NA,NA
06077001300,CA00_STOCKTON,06077001300,CA,271,346997,"1,280:1",71.7,87751,233818,37774,8.04,65.07,10.51,177524,181819,49.4,50.6,10.47,42.65,89.53,57.35,58.77,41.23,75750,4115,63945,2020,81787,13068,20.17,44.62,775.1138,12520,359343,0.8589,0.8486,253,251,374,44,18,9,1,8,174,21,323.9,70.4063,1420.3281,13,11,0,0,0,NA,NA,NA,NA,NA,NA,NA,NA,NA
06079012704,CA00_TEMPLETON,06079012704,CA,76,92130,"1,212:1",17.6,18777,65413,13231,6.51,67.14,13.58,48654,48767,49.94,50.06,1.64,22.91,98.36,77.09,16.68,83.32,17418,1121,1763,161,25404,1649,9.27,24.07,26.6424,32333,97421,0.716,0.7168,63,62,133,8,13,9,0,4,45,13,70.5,64.6678,1546.3651,0,6,0,0,0,NA,NA,NA,NA,NA,NA,NA,NA,NA
06081605000,CA00_BURLINGAME,06081605000,CA,68,75674,"1,113:1",19.5,13676,51621,11453,5.76,67.26,14.92,37085,39665,48.32,51.68,1.43,20.69,98.57,79.31,44.04,55.96,14886,287,20622,1431,18761,1062,7.28,16.59,5111.0102,0,76750,0.3764,0.3892,64,63,117,9,4,0,1,3,66,15,72.7,83.3876,1199.2188,NA,NA,NA,NA,NA,NA,NA,NA,NA,NA,NA,NA,NA,NA
06083002010,CA02_SANTA MARIA,06083002010,CA,13,28162,"2,166:1",86.7,5504,18474,4899,7.62,63.97,16.97,14303,14574,49.53,50.47,1.31,24.7,98.69,75.3,18.09,81.91,4903,339,1088,56,7712,355,6.05,20.56,21.5848,3258,28877,0.3657,0.3619,13,12,8,0,0,0,0,0,10,1,14.3,45.0185,2221.3077,0,1,0,0,0,NA,NA,NA,NA,NA,NA,NA,NA,NA
06093000900,CA00_WEED,06093000900,CA,4,6610,"1,653:1",100,1273,4688,1270,6.06,64.83,17.56,3682,3549,50.92,49.08,3.71,11.12,96.29,88.88,17.26,82.74,1110,150,207,30,1931,211,15.98,39.11,30.528,4425,7231,0.58,0.6308,4,4,0,0,0,0,0,0,1,0,4,55.3174,1807.75,NA,NA,NA,NA,NA,NA,NA,NA,NA,NA,NA,NA,NA,NA
06065046900,CA00_DESERT CENTER,06065046900,CA,17,17242,"1,014:1",81.6,4728,19134,2601,6.33,72.3,9.83,17221,9242,65.08,34.92,12.67,51.86,87.33,48.14,38.56,61.44,3601,307,345,38,4697,650,19.02,46.21,5.4241,13496,26463,0.7953,0.7855,15,14,8,1,2,2,0,0,6,2,14.8,56.6829,1764.2,0,1,0,0,0,NA,NA,NA,NA,NA,NA,NA,NA,NA
06065051200,CA00_TEMECULA,06065051200,CA,181,240708,"1,330:1",0,62200,171144,24581,9.15,66.35,9.53,126852,131073,49.18,50.82,4.55,25.12,95.45,74.88,29.07,70.93,54891,2566,23399,967,60967,3136,6.69,18.58,785.3341,16736,257925,0.6739,0.6951,153,144,186,25,28,11,0,17,142,24,175,59.3196,1685.7843,0,2,0,0,0,NA,NA,NA,NA,NA,NA,NA,NA,NA
06071007302,CA01_REDLANDS,06071007302,CA,261,170920,655:1,3.2,41649,117113,14591,8.2,67.56,8.42,85221,88132,49.16,50.84,8.52,58.78,91.48,41.22,50.44,49.56,40227,1707,16154,561,38519,4399,14.56,37.82,1803.5296,1728,173353,0.3943,0.397,233,201,446,34,28,12,0,16,166,17,309.6,134.4078,744.0043,0,5,0,0,0,NA,NA,NA,NA,NA,NA,NA,NA,NA
06071008200,CA02_REDLANDS,06071008200,CA,73,71994,986:1,0,14207,50114,9684,6.98,67.72,13.09,35432,38573,47.88,52.12,5.03,30.92,94.97,69.08,30.36,69.64,15654,716,5050,239,17530,1240,9.75,25.52,1790.3035,1355,74005,0.5433,0.5391,62,61,124,14,11,4,0,7,65,13,86.6,83.7781,1193.629,NA,NA,NA,NA,NA,NA,NA,NA,NA,NA,NA,NA,NA,NA
06073002905,CA08_SAN DIEGO,06073002905,CA,24,9015,376:1,0,1420,6983,891,4.44,75.13,9.59,4689,4605,50.45,49.55,10.24,23.49,89.76,76.51,35.46,64.54,2356,71,878,46,1902,198,19.62,35.49,8777.3281,0,9294,0.2005,0.2129,23,23,65,7,1,1,0,0,6,2,28.7,247.4715,404.087,NA,NA,NA,NA,NA,NA,NA,NA,NA,NA,NA,NA,NA,NA
06073003209,CA06_SAN DIEGO,06073003209,CA,2,16050,"8,025:1",0,3490,11398,1309,7.62,70.37,8.08,7724,8473,47.69,52.31,16.19,27.33,83.81,72.67,80,20,3655,69,6978,181,3848,288,7.21,23.18,10831.5822,0,16197,0.1373,0.1559,2,2,1,0,0,0,0,0,2,0,2.1,12.348,8098.5,NA,NA,NA,NA,NA,NA,NA,NA,NA,NA,NA,NA,NA,NA
06073012003,CA02_NATIONAL CITY,06073012003,CA,6,44477,"7,413:1",0,9328,29399,5159,7.42,66.99,11.76,21308,22578,48.55,51.45,13.96,32.57,86.04,67.43,75.19,24.81,9107,219,16827,588,10208,1140,14.49,31.36,9066.7318,0,43886,0.2437,0.2606,5,5,4,0,1,0,0,1,11,3,5,11.3932,8777.2,0,2,0,0,0,NA,NA,NA,NA,NA,NA,NA,NA,NA
06001433104,CA00_SAN LEANDRO,06001433104,CA,48,138229,"2,880:1",0,27874,96388,17086,6.5,68.19,12.09,68331,73017,48.34,51.66,15.42,32.23,84.58,67.77,63.4,36.6,29545,1159,34433,1143,31682,2902,10.84,28.2,7137.0231,0,141348,0.4014,0.419,42,42,78,4,6,4,0,2,81,12,49.4,29.7139,3365.4286,0,15,0,0,0,NA,NA,NA,NA,NA,NA,NA,NA,NA
06007002400,CA00_BERRY CREEK,06007002400,CA,33,51799,"1,570:1",100,10279,34001,9057,6.6,63.75,16.98,26593,26744,49.86,50.14,2.21,12.57,97.79,87.43,24.2,75.8,9215,2138,3923,149,12831,1815,21.58,46.89,77.4447,16215,53337,0.7296,0.7561,20,18,52,5,13,8,0,5,17,4,26.7,37.4974,2666.85,0,1,0,0,0,NA,NA,NA,NA,NA,NA,NA,NA,NA
06009000300,CA00_MOUNTAIN RANCH,06009000300,CA,11,6156,560:1,100,941,4442,1586,5.14,63.74,22.76,3506,3463,50.31,49.69,1.29,9.01,98.71,90.99,11.51,88.49,919,124,78,6,1939,135,11.31,24.3,39.4936,6969,6969,0.5138,0.5159,9,8,15,0,2,2,0,0,4,0,8,129.1433,774.3333,NA,NA,NA,NA,NA,NA,NA,NA,NA,NA,NA,NA,NA,NA
06011000200,CA00_COLUSA,06011000200,CA,11,15608,"1,419:1",99.9,3941,10302,1993,7.76,63.45,12.28,8350,7886,51.43,48.57,1.05,53.49,98.95,46.51,34.95,65.05,3052,354,240,58,3820,360,12.14,39.65,17.4156,4264,16236,0.5435,0.5627,9,8,6,0,2,2,0,0,3,1,8,55.4324,1804,0,1,0,0,0,NA,NA,NA,NA,NA,NA,NA,NA,NA
06013334200,CA01_ALAMO,06013334200,CA,10,15023,"1,502:1",0,1183,5048,8638,3.02,33.95,58.09,5951,8918,40.02,59.98,0.93,3.99,99.07,96.01,11.43,88.57,943,18,1083,35,3773,136,3.41,12.75,2604.8818,0,14869,0.4629,0.4867,10,10,12,1,0,0,0,0,12,2,11.5,67.254,1486.9,NA,NA,NA,NA,NA,NA,NA,NA,NA,NA,NA,NA,NA,NA
06013345108,CA00_SAN RAMON,06013345108,CA,107,137848,"1,288:1",0,33144,96362,15063,8.21,66.65,10.42,70759,73810,48.94,51.06,2.24,8.15,97.76,91.85,34.56,65.44,27111,361,36163,309,38107,910,3.12,6.95,856.6733,1766,144569,0.5712,0.5793,96,96,180,15,11,7,1,3,150,26,122.2,66.4043,1505.9271,NA,NA,NA,NA,NA,NA,NA,NA,NA,NA,NA,NA,NA,NA
06013363000,CA00_EL SOBRANTE,06013363000,CA,53,118138,"2,229:1",0,20686,82042,15110,6.08,69.62,12.82,57034,60804,48.4,51.6,15.81,23.42,84.19,76.58,59.13,40.87,23044,808,28956,578,30543,1914,8.28,19.97,1388.1675,913,117838,0.4494,0.4648,50,49,42,6,3,0,1,2,70,13,65.2,42.4311,2356.76,1,3,0,0,0,NA,NA,NA,NA,NA,NA,NA,NA,NA
06019004002,CA00_KERMAN,06019004002,CA,8,18892,"2,362:1",91.5,5642,12891,1648,8.54,63.88,8.17,10235,9946,50.72,49.28,0.5,70.13,99.5,29.87,47.2,52.8,4333,398,1228,15,4127,778,23.57,51.79,104.8985,6694,20181,0.3163,0.3328,5,5,0,0,3,3,0,0,3,1,6,24.7758,4036.2,0,4,0,0,0,NA,NA,NA,NA,NA,NA,NA,NA,NA
06025011803,CA01_EL CENTRO,06025011803,CA,12,36615,"3,051:1",91.3,9477,29042,4099,7.59,68.14,9.62,23231,19387,54.51,45.49,5.97,78.39,94.03,21.61,41.69,58.31,8017,492,820,40,9269,2060,23.09,51.55,42.4861,9118,42618,0.4153,0.3817,9,9,51,3,3,1,0,2,20,4,12.1,21.1178,4735.3333,0,1,0,0,0,NA,NA,NA,NA,NA,NA,NA,NA,NA
06027000400,CA00_BISHOP,06027000400,CA,25,18696,748:1,67.2,3212,12126,3293,6.2,65.09,17.67,9363,9268,50.25,49.75,0.53,17.13,99.47,82.87,23.39,76.61,2883,1983,255,15,5069,330,9.76,25.97,3.7668,8696,18631,0.8653,0.8867,24,24,26,4,1,1,0,0,8,2,27.8,128.8176,776.2917,0,2,0,0,0,NA,NA,NA,NA,NA,NA,NA,NA,NA
06035040100,CA00_LASSEN,06035040100,CA,3,4396,"1,465:1",85.3,794,3030,1081,5.65,61.77,22.04,2567,2338,52.33,47.67,0.61,13.33,99.39,86.67,15.88,84.12,645,194,22,7,1364,132,11.24,43.22,1.4423,4905,4905,0.1807,0.1797,1,1,1,0,2,1,0,1,1,0,1,20.3874,4905,0,6,0,0,0,NA,NA,NA,NA,NA,NA,NA,NA,NA
06097150204,CA00_SONOMA,06097150204,CA,38,39204,"1,032:1",99.7,6686,26060,7862,5.73,64.17,19.36,19683,20925,48.47,51.53,0.58,26.05,99.42,73.95,18.66,81.34,6227,268,864,92,9825,625,11.17,27.91,278.6502,7151,40608,0.7731,0.7829,38,37,36,3,0,0,0,0,24,5,41.3,93.5776,1068.6316,0,3,0,0,0,NA,NA,NA,NA,NA,NA,NA,NA,NA
06099003202,CA00_PATTERSON,06099003202,CA,8,26258,"3,282:1",99.5,7068,17252,1819,9.5,66,6.96,13306,12833,50.9,49.1,5.49,58.72,94.51,41.28,48.54,51.46,5608,267,1204,307,5914,515,13.61,38.08,102.0044,5358,26139,0.5695,0.5764,4,4,3,0,4,2,0,2,5,1,5.5,15.3028,6534.75,0,3,0,0,0,NA,NA,NA,NA,NA,NA,NA,NA,NA
06111001900,CA00_VENTURA,06111001900,CA,169,141677,838:1,0,29368,100117,16987,6.92,68.35,11.6,72759,73713,49.67,50.33,1.77,42.41,98.23,57.59,30.66,69.34,30135,1982,6649,303,33770,2643,10.85,27.56,1100.1917,2674,146472,0.7469,0.7532,157,155,246,23,12,7,0,5,96,24,196,107.1877,932.9427,0,13,0,0,0,NA,NA,NA,NA,NA,NA,NA,NA,NA
06111005910,CA00_NEWBURY PARK,06111005910,CA,126,129792,"1,030:1",0,25513,89481,18155,7.51,67.2,13.64,65304,67845,49.05,50.95,1.29,16.65,98.71,83.35,19.71,80.29,24188,535,11718,150,34693,1215,5.08,13.54,1218.5464,1885,133149,0.5906,0.5715,118,112,215,15,8,6,0,2,103,31,133.6,88.6225,1128.3814,0,3,0,0,0,NA,NA,NA,NA,NA,NA,NA,NA,NA
06111008500,CA00_SIMI VALLEY,06111008500,CA,90,158884,"1,765:1",0,33413,113121,16149,7.56,69.53,9.93,80160,82523,49.27,50.73,1.43,24.98,98.57,75.02,24.52,75.48,33342,1039,14023,230,40568,1552,5.2,15.23,1239.1534,3519,162683,0.6201,0.6627,75,75,100,11,15,10,0,5,78,18,92.8,46.1019,2169.1067,0,5,0,0,0,NA,NA,NA,NA,NA,NA,NA,NA,NA
06037301801,CA03_GLENDALE,06037301801,CA,167,116268,696:1,0,15747,80685,18883,4.72,69.97,16.38,54552,60763,47.31,52.69,1.71,15.14,98.29,84.86,26.64,73.36,25218,310,16545,70,28505,2990,12.55,33.98,9477.9622,0,115315,0.4047,0.4068,145,142,169,21,22,11,0,11,173,29,169.8,125.7425,795.2759,0,3,0,0,0,NA,NA,NA,NA,NA,NA,NA,NA,NA
06037535901,CA01_SOUTH GATE,06037535901,CA,17,39603,"2,330:1",0,9846,26635,2701,8.56,67.98,6.89,19176,20006,48.94,51.06,0.71,95.99,99.29,4.01,48.83,51.17,9332,352,236,35,8792,1587,17.91,49.29,15390.5608,0,39182,0.1932,0.1533,13,13,7,2,4,3,0,1,18,1,15.4,33.1785,3014,0,1,0,0,0,NA,NA,NA,NA,NA,NA,NA,NA,NA
06037206200,CA07_LOS ANGELES,06037206200,CA,30,15975,533:1,0,1804,22791,2446,2.26,84.28,9.05,19588,7453,72.44,27.56,30.64,37.54,69.36,62.46,65.11,34.89,3379,262,3747,55,1534,333,54.2,79.66,9227.7807,0,27041,0.2735,0.2387,25,25,35,3,5,4,0,1,8,3,28.8,92.4522,1081.64,0,22,0,0,0,NA,NA,NA,NA,NA,NA,NA,NA,NA
06037408628,CA00_HACIENDA HEIGHTS,06037408628,CA,26,53614,"2,062:1",0,8763,35976,8131,6.42,68.05,15.38,25718,27152,48.64,51.36,1.46,40.37,98.54,59.63,63.71,36.29,10339,246,22959,87,13323,836,7.62,22.02,5268.8419,0,52870,0.2846,0.3227,25,25,24,5,1,0,0,1,46,7,31.4,47.2858,2114.8,NA,NA,NA,NA,NA,NA,NA,NA,NA,NA,NA,NA,NA,NA
06007003502,CA00_GRIDLEY,06007003502,CA,13,13516,"1,040:1",99.9,3254,9025,2061,7.56,62.94,14.37,7124,7216,49.68,50.32,0.72,36.94,99.28,63.06,28.18,71.82,2666,272,418,6,3409,436,17.98,42.02,71.1404,5947,14340,0.6072,0.5981,10,10,2,0,3,2,0,1,3,0,12,69.735,1434,0,1,0,0,0,NA,NA,NA,NA,NA,NA,NA,NA,NA
06017031200,CA00_PLACERVILLE,06017031200,CA,41,60388,"1,473:1",57.5,10038,41038,11737,5.97,65.33,18.69,31113,31700,49.53,50.47,0.5,10.56,99.5,89.44,10.36,89.64,9390,962,575,79,16920,1093,9.51,23.34,58.8928,33892,62813,0.6476,0.66,35,35,55,4,6,6,0,0,34,9,39,55.7209,1794.6571,0,3,0,0,0,NA,NA,NA,NA,NA,NA,NA,NA,NA
06001437300,CA00_HAYWARD,06001437300,CA,134,137107,"1,023:1",0,30923,96739,14196,6.8,68.19,10.01,70448,71410,49.66,50.34,10.35,45.08,89.65,54.92,65.67,34.33,31132,1380,30034,4497,30920,2641,12.83,31.41,3903.7655,0,141858,0.3093,0.2857,131,130,194,28,3,2,0,1,46,5,164.6,92.3459,1082.8855,0,10,0,0,0,NA,NA,NA,NA,NA,NA,NA,NA,NA
06017030402,CA00_SOUTH LAKE TAHOE,06017030402,CA,28,29286,"1,046:1",32.1,4860,22006,2980,5.49,73.73,9.98,15832,14014,53.05,46.95,0.79,24.49,99.21,75.51,21.17,78.83,5654,275,1348,56,7072,808,15.75,36.1,106.3066,2740,29846,0.6511,0.6723,23,23,38,3,5,3,2,0,22,6,26.8,77.0623,1297.6522,NA,NA,NA,NA,NA,NA,NA,NA,NA,NA,NA,NA,NA,NA
06023001101,CA00_ARCATA,06023001101,CA,33,21170,642:1,99.9,2736,18462,2334,3.79,78.45,9.92,11821,11711,50.23,49.77,1.58,9.97,98.42,90.03,16.85,83.15,6383,811,473,41,4340,522,24.34,42.69,31.4269,7529,23532,0.3875,0.4195,24,22,26,2,9,7,1,1,11,6,25.1,101.9888,980.5,0,5,0,0,0,NA,NA,NA,NA,NA,NA,NA,NA,NA
06023000600,CA00_EUREKA,06023000600,CA,67,71453,"1,066:1",90.7,11867,49141,9573,5.42,69.62,13.56,35341,35240,50.07,49.93,1.26,9.1,98.74,90.9,16.94,83.06,13595,2553,2146,253,17509,1892,15.8,37.85,333.9562,9186,70581,0.7545,0.7565,59,59,119,7,8,5,0,3,33,14,65.9,83.5919,1196.2881,0,10,0,0,0,NA,NA,NA,NA,NA,NA,NA,NA,NA
06025011802,CA02_EL CENTRO,06025011802,CA,6,14795,"2,466:1",0,3466,9781,1487,8.75,66.38,10.09,7157,7577,48.57,51.43,1.93,72.3,98.07,27.7,32.42,67.58,3119,168,472,15,3763,287,9.51,27.72,1968.2831,150,14734,0.2608,0.2499,5,5,14,0,1,0,0,1,6,1,5,33.9351,2946.8,NA,NA,NA,NA,NA,NA,NA,NA,NA,NA,NA,NA,NA,NA
06029006007,CA00_TEHACHAPI,06029006007,CA,15,35912,"2,394:1",98.5,7358,29835,6011,6.33,69.06,13.91,24552,18652,56.83,43.17,3.8,23.16,96.2,76.84,20.51,79.49,6083,610,634,53,10050,949,11.9,30.49,34.7224,23007,43204,0.5284,0.5864,11,11,9,0,4,1,0,3,16,3,10.5,25.4606,3927.6364,0,3,0,0,0,NA,NA,NA,NA,NA,NA,NA,NA,NA
06073017501,CA00_ENCINITAS,06073017501,CA,132,133136,"1,009:1",0,27362,93283,18429,6.8,67.07,13.25,68046,71028,48.93,51.07,0.98,12.23,99.02,87.77,15.93,84.07,25796,555,8584,208,34784,2026,7.47,17,2389.6146,1049,139074,0.5348,0.5355,111,110,266,27,21,9,1,11,110,21,142,79.8136,1252.9189,0,1,0,0,0,NA,NA,NA,NA,NA,NA,NA,NA,NA
06073010502,CA00_IMPERIAL BEACH,06073010502,CA,10,29422,"2,942:1",0,6020,20600,2867,6.62,69.86,9.72,14788,14699,50.15,49.85,4.25,48.71,95.75,51.29,37.73,62.27,6625,296,2168,205,7021,852,18.35,39.15,6184.6649,0,29487,0.2904,0.3083,10,10,3,0,0,0,0,0,3,3,9.9,33.9132,2948.7,0,1,0,0,0,NA,NA,NA,NA,NA,NA,NA,NA,NA
06079011503,CA00_SAN LUIS OBISPO,06079011503,CA,106,84306,795:1,60.6,9919,74966,15080,3.33,74.99,15.09,54176,45789,54.19,45.81,3.37,15.29,96.63,84.71,16.93,83.07,20579,665,4534,131,19156,1058,20.44,35.07,168.0403,6992,99965,0.8466,0.8312,93,92,234,15,13,9,1,3,67,17,107.9,93.0326,1074.8925,0,5,0,0,0,NA,NA,NA,NA,NA,NA,NA,NA,NA
06085506802,CA03_SAN JOSE,06085506802,CA,263,180102,685:1,0,37169,124143,19805,6.83,68.54,10.93,89364,91753,49.34,50.66,3.36,24.97,96.64,75.03,39.61,60.39,37731,1535,34093,722,46684,2070,6.23,16.26,4677.2389,686,181117,0.227,0.1928,246,238,430,51,17,10,3,4,173,35,298.4,135.8238,736.248,0,1,0,0,0,NA,NA,NA,NA,NA,NA,NA,NA,NA
06085508504,CA00_SUNNYVALE,06085508504,CA,70,135578,"1,937:1",0,27533,96525,13583,4.98,70.13,9.87,69884,67757,50.77,49.23,2.06,20.78,97.94,79.22,60.91,39.09,31268,694,59782,725,33983,1561,6.76,16.36,3439.7298,13,137641,0.2712,0.2576,64,64,51,3,6,2,0,4,114,19,82,46.4978,2150.6406,1,5,0,0,0,NA,NA,NA,NA,NA,NA,NA,NA,NA
06087100200,CA00_SANTA CRUZ,06087100200,CA,228,173953,763:1,0,26590,137122,22040,5,73.82,11.87,92457,93295,49.77,50.23,1.2,16.3,98.8,83.7,18.71,81.29,39218,1334,8704,300,41836,2116,11.25,25.11,561.4113,22197,185752,0.8357,0.8388,193,188,273,24,35,19,0,16,98,31,216.8,103.902,962.4456,0,12,0,0,0,NA,NA,NA,NA,NA,NA,NA,NA,NA
06093000200,CA00_MACDOEL,06093000200,CA,0,1819,N/A,100,392,1250,313,7.01,63.94,16.01,1017,938,52.02,47.98,0.97,24.91,99.03,75.09,23.79,76.21,301,44,14,8,555,85,19.35,54.76,3.8942,1955,1955,0.3257,0.3196,0,0,0,0,0,0,0,0,0,0,0,0,0,0,1,0,0,0,NA,NA,NA,NA,NA,NA,NA,NA,NA
06093000600,CA01_FORT JONES,06093000600,CA,1,4934,"4,934:1",100,859,3361,1039,6.01,63.91,19.76,2730,2529,51.91,48.09,0.87,6.29,99.13,93.71,16.05,83.95,671,314,30,6,1454,120,14.51,35.49,3.6294,5259,5259,0.2466,0.2031,0,0,1,0,1,1,0,0,1,1,1.1,0,0,NA,NA,NA,NA,NA,NA,NA,NA,NA,NA,NA,NA,NA,NA
06095251901,CA00_VALLEJO,06095251901,CA,179,125787,703:1,0,24284,87010,14960,6.47,68.92,11.85,61428,64826,48.65,51.35,20.99,22.28,79.01,77.72,64.6,35.4,25094,837,29935,1313,30199,3184,13.55,28.65,2674.9599,500,126254,0.5545,0.539,170,170,225,14,9,2,1,6,61,12,193.2,134.6492,742.6706,0,12,0,0,0,NA,NA,NA,NA,NA,NA,NA,NA,NA
06045011500,CA00_UKIAH,06045011500,CA,60,41879,698:1,100,8285,27359,5633,6.76,66.28,13.65,20555,20722,49.8,50.2,0.77,27.82,99.23,72.18,27.46,72.54,7583,1838,976,70,10173,1153,15.76,41.2,54.692,11568,41277,0.8058,0.834,50,47,65,6,10,5,0,5,20,12,53.8,121.1328,825.54,0,5,0,0,0,NA,NA,NA,NA,NA,NA,NA,NA,NA
06053012700,CA02_MONTEREY,06053012700,CA,77,44300,575:1,0,5402,32501,9555,3.8,68.48,20.13,23016,24442,48.5,51.5,1.96,11.94,98.04,88.06,18.55,81.45,8835,248,3365,136,11455,589,9.01,21.62,2537.7739,442,47458,0.4563,0.4658,65,63,168,13,12,4,0,8,63,9,77.8,136.9632,730.1231,NA,NA,NA,NA,NA,NA,NA,NA,NA,NA,NA,NA,NA,NA
06053014500,CA00_SALINAS,06053014500,CA,160,219084,"1,369:1",28.7,56090,158780,19346,7.53,67.79,8.26,123028,111188,52.53,47.47,3.03,66.43,96.97,33.57,49.91,50.09,48499,2889,14159,932,49355,6345,15.87,42.77,356.2582,15947,234216,0.8083,0.8272,132,127,206,21,28,17,0,11,101,22,154.3,56.3582,1774.3636,7,11,0,0,0,NA,NA,NA,NA,NA,NA,NA,NA,NA
06059099251,CA00_FOUNTAIN VALLEY,06059099251,CA,106,39655,374:1,0,6698,26864,6342,6.41,67.32,15.89,19410,20494,48.64,51.36,1.28,16.43,98.72,83.57,47.43,52.57,7903,172,13790,157,10158,553,5.83,19.38,5854.8323,0,39904,0.2391,0.2039,96,96,192,26,10,5,1,4,55,10,125.4,240.5774,415.6667,NA,NA,NA,NA,NA,NA,NA,NA,NA,NA,NA,NA,NA,NA
06065041409,CA01_RIVERSIDE,06065041409,CA,126,276784,"2,197:1",0,70136,198052,21585,8.61,68.35,7.45,145520,144253,50.22,49.78,6.63,41.34,93.37,58.66,41.84,58.16,63725,2123,34465,1000,65131,3604,7.62,21.11,1883.3621,1013,289773,0.4748,0.4761,94,93,105,8,32,15,1,16,106,13,105,32.4392,3082.6915,1,3,0,0,0,NA,NA,NA,NA,NA,NA,NA,NA,NA
06065042513,CA02_MORENO VALLEY,06065042513,CA,5,15822,"3,164:1",0,4673,11020,808,9.05,66.78,4.9,8072,8429,48.92,51.08,16.78,59.4,83.22,40.6,61.74,38.26,4066,183,1261,121,3359,831,24.64,54.32,5465.1732,0,16501,0.1998,0.1911,4,4,9,2,1,1,0,0,14,0,6,24.241,4125.25,NA,NA,NA,NA,NA,NA,NA,NA,NA,NA,NA,NA,NA,NA
06001401300,CA01_OAKLAND,06001401300,CA,607,364246,600:1,0,60700,265388,46265,4.91,71.27,12.43,178591,193762,47.96,52.04,22.11,18.51,77.89,81.49,51.47,48.53,85408,2085,49209,1853,80558,8136,14.45,30.53,6378.6415,9,372353,0.4896,0.4499,547,540,891,74,60,18,3,39,241,51,681.9,146.9036,680.7185,0,22,0,0,0,NA,NA,NA,NA,NA,NA,NA,NA,NA
06001407200,CA03_OAKLAND,06001407200,CA,28,13038,466:1,0,3652,10935,1258,6.83,69.01,7.94,8360,7485,52.76,47.24,10.12,67.31,89.88,32.69,69.2,30.8,3538,368,1926,46,2498,602,29.52,57.48,13912.6478,0,15845,0.3136,0.3121,24,22,6,3,4,3,1,0,13,0,28.1,151.4673,660.2083,0,14,0,0,0,NA,NA,NA,NA,NA,NA,NA,NA,NA
06013343002,CA00_WALNUT CREEK,06013343002,CA,320,161751,505:1,0,28209,108723,26702,6.46,66.44,16.32,79120,84514,48.35,51.65,1.59,9.14,98.41,90.86,20.89,79.11,28675,466,19049,304,43787,910,3.88,10.73,1542.3787,761,163634,0.5946,0.6056,297,295,688,62,23,5,3,15,197,35,369.1,181.5026,550.9562,1,0,0,0,0,NA,NA,NA,NA,NA,NA,NA,NA,NA
06013329000,CA00_CONCORD,06013329000,CA,226,175802,778:1,0,33761,128102,20533,6,70.23,11.26,90660,91736,49.71,50.29,3.96,28.1,96.04,71.9,34.9,65.1,36902,1279,21032,1108,44253,2891,10.35,25.46,2466.8727,194,182396,0.4761,0.4884,218,206,205,14,8,2,0,6,106,20,257,119.5202,836.6789,0,25,0,0,0,NA,NA,NA,NA,NA,NA,NA,NA,NA
06013372000,CA00_RICHMOND,06013372000,CA,108,106580,987:1,0,24951,76211,10433,6.98,68.29,9.35,54528,57067,48.86,51.14,24.65,47.24,75.35,52.76,69.29,30.71,25460,759,13453,621,24331,3933,18.75,42.22,5435.9544,38,111595,0.4363,0.4632,98,98,108,14,10,6,1,3,37,6,116.8,87.8176,1138.7245,0,9,0,0,0,NA,NA,NA,NA,NA,NA,NA,NA,NA
06015000104,CA00_CRESCENT CITY,06015000104,CA,30,25170,839:1,99.8,4988,19749,3873,6,69.03,13.54,15907,12703,55.6,44.4,3.47,17.8,96.53,82.2,26.26,73.74,4313,2244,965,32,6062,1026,21.95,41.82,28.4288,9634,28610,0.7829,0.7944,23,21,22,2,7,5,0,2,10,4,25,80.3915,1243.913,0,3,0,0,0,NA,NA,NA,NA,NA,NA,NA,NA,NA
06019008401,CA00_FIREBAUGH,06019008401,CA,10,20521,"2,052:1",100,6166,14302,1226,8.85,65.93,5.65,11688,10006,53.88,46.12,0.9,92.6,99.1,7.4,43.77,56.23,4585,294,138,7,4419,1601,39.55,76.57,28.8328,3202,21694,0.4101,0.3712,6,6,0,0,4,2,0,2,2,0,6,27.6574,3615.6667,0,2,0,0,0,NA,NA,NA,NA,NA,NA,NA,NA,NA
06019006603,CA00_REEDLEY,06019006603,CA,31,49723,"1,604:1",93.7,14108,33545,5315,8.74,63.33,10.03,27082,25886,51.13,48.87,0.72,70.65,99.28,29.35,41.52,58.48,10704,819,1399,24,11440,2641,27.63,57.41,54.4365,14856,52968,0.3679,0.3548,24,23,9,2,7,3,1,3,12,2,25,45.3104,2207,0,7,0,0,0,NA,NA,NA,NA,NA,NA,NA,NA,NA
06019007004,CA00_SELMA,06019007004,CA,21,29559,"1,408:1",20.6,7870,19504,3183,8.61,63.83,10.42,15441,15116,50.53,49.47,1.16,73.85,98.84,26.15,44.71,55.29,6305,587,1690,12,6770,1308,22.08,51.69,382.8288,6188,30557,0.5164,0.5177,18,17,15,2,3,2,0,1,13,1,22,58.9063,1697.6111,NA,NA,NA,NA,NA,NA,NA,NA,NA,NA,NA,NA,NA,NA
06029003900,CA00_SHAFTER,06029003900,CA,18,41959,"2,331:1",85.4,13468,35087,2895,8.19,68.2,5.63,29834,21616,57.99,42.01,4.92,77.34,95.08,22.66,52.64,47.36,9691,572,353,37,9641,2077,24.21,60.1,46.5942,7863,51450,0.5993,0.5488,14,14,3,1,4,2,0,2,12,2,15,27.2109,3675,0,5,0,0,0,NA,NA,NA,NA,NA,NA,NA,NA,NA
06001403000,CA02_OAKLAND,06001403000,CA,191,103643,543:1,0,18554,79211,12356,5.06,71.93,11.22,55007,55114,49.95,50.05,26.03,21.8,73.97,78.2,78.51,21.49,25907,944,37405,432,20985,4719,24.4,51.97,9187.2326,0,110121,0.5842,0.6149,177,174,191,19,14,8,1,5,77,10,233.7,160.7323,622.1525,0,33,0,0,0,NA,NA,NA,NA,NA,NA,NA,NA,NA
06037533806,CA00_BELL GARDENS,06037533806,CA,10,42707,"4,271:1",0,12319,28952,2019,9.79,66.88,4.66,21680,21610,50.08,49.92,0.88,96.31,99.12,3.69,51.22,48.78,10446,510,217,41,8834,2082,23.69,60.91,18517.2442,0,43290,0.1684,0.1868,9,9,3,1,1,0,0,1,7,2,10,20.79,4810,0,4,0,0,0,NA,NA,NA,NA,NA,NA,NA,NA,NA
06037572202,CA00_LONG BEACH,06037572202,CA,567,678589,"1,197:1",0,146165,479943,63978,7.22,69.55,9.27,337001,353085,48.83,51.17,13.04,43.81,86.96,56.19,53.91,46.09,161065,5253,86914,7341,150656,20271,16.69,38.66,8958.361,0,690086,0.6476,0.6402,486,468,773,76,81,36,0,45,291,52,578.9,70.426,1419.93,0,22,0,0,0,NA,NA,NA,NA,NA,NA,NA,NA,NA
06037183701,CA06_LOS ANGELES,06037183701,CA,17,29266,"1,722:1",0,6304,20255,2296,7.38,70.2,7.96,14234,14621,49.33,50.67,2.54,76.46,97.46,23.54,51.61,48.39,6870,369,2439,22,6405,807,15.72,46.5,15247.8063,0,28855,0.1741,0.2204,12,12,5,0,5,3,0,2,5,2,11.8,41.5872,2404.5833,2,3,0,0,0,NA,NA,NA,NA,NA,NA,NA,NA,NA
06037609900,CA00_SAN PEDRO,06037609900,CA,58,137655,"2,373:1",0,30276,92321,15494,7.27,66.86,11.22,68792,69299,49.82,50.18,5.12,60.96,94.88,39.04,44,56,28991,1439,6429,809,32141,5222,18.71,43.09,5510.0974,0,138091,0.4773,0.4489,49,49,76,9,9,5,0,4,47,12,60.5,35.4838,2818.1837,0,6,0,0,0,NA,NA,NA,NA,NA,NA,NA,NA,NA
06037207103,CA05_LOS ANGELES,06037207103,CA,77,130858,"1,699:1",0,25334,90495,14574,6.77,69.4,11.18,64718,65685,49.63,50.37,2.05,65.44,97.95,34.56,59.76,40.24,30035,1514,29611,93,28079,6013,23.46,53.39,9715.3224,0,130403,0.4403,0.5108,54,54,61,3,23,13,1,9,31,1,65.1,41.4101,2414.8704,0,11,0,0,0,NA,NA,NA,NA,NA,NA,NA,NA,NA
06037406702,CA01_WEST COVINA,06037406702,CA,239,267592,"1,120:1",0,61027,182979,25529,8.2,67.89,9.47,132976,136559,49.34,50.66,2.4,73.03,97.6,26.97,55.76,44.24,59550,2588,45652,392,56906,5437,12.03,37.75,8307.647,0,269535,0.3684,0.3668,201,200,293,40,38,17,1,20,112,8,248.4,74.5729,1340.9701,0,11,0,0,0,NA,NA,NA,NA,NA,NA,NA,NA,NA
06037139401,CA00_TARZANA,06037139401,CA,358,269642,753:1,0,45794,188015,41036,5.55,68.41,14.93,133255,141590,48.48,51.52,4.04,17.97,95.96,82.03,23.68,76.32,55620,978,19688,272,67305,3492,8.35,21.18,3127.497,4129,274845,0.5164,0.5531,331,330,749,71,27,6,2,19,368,69,424.1,120.4315,830.3474,0,2,0,0,0,NA,NA,NA,NA,NA,NA,NA,NA,NA
06037211802,CA01_LOS ANGELES,06037211802,CA,319,434993,"1,364:1",0,83643,326652,38366,5.95,72.81,8.55,229397,219264,51.13,48.87,10.68,59.9,89.32,40.1,69.42,30.58,108262,4780,91993,491,89561,24338,30.43,62.56,22666.9535,0,448661,0.6161,0.6976,264,259,402,50,55,24,4,27,323,36,324.1,58.8418,1699.4735,3,38,0,0,0,NA,NA,NA,NA,NA,NA,NA,NA,NA
06037602103,CA00_HAWTHORNE,06037602103,CA,44,98520,"2,239:1",0,24919,69203,6102,8.25,69.05,6.09,49501,50723,49.39,50.61,20.62,67.99,79.38,32.01,67.05,32.95,24515,782,3869,1004,21317,4465,21.86,49.59,18067.0552,0,100224,0.2234,0.2518,34,33,30,2,10,3,1,6,30,7,40.4,33.924,2947.7647,1,1,0,0,0,NA,NA,NA,NA,NA,NA,NA,NA,NA
06037127804,CA00_VAN NUYS,06037127804,CA,222,198112,892:1,0,47201,139057,14060,7.6,69.42,7.02,101288,99030,50.56,49.44,4.39,68.5,95.61,31.5,54.14,45.86,46896,1557,20817,232,43638,9416,24.29,55.54,14814.5056,0,200318,0.3974,0.4145,208,206,305,35,14,8,1,5,79,8,250.5,103.8349,963.0673,0,18,0,0,0,NA,NA,NA,NA,NA,NA,NA,NA,NA
06041101200,CA00_NOVATO,06041101200,CA,54,56548,"1,047:1",0,10799,38346,9507,6.28,65.38,16.21,28396,30256,48.41,51.59,2.51,19.93,97.49,80.07,22.48,77.52,9869,308,3674,124,15307,716,7.44,16.71,1014.7183,5593,58652,0.595,0.5964,52,51,78,6,2,1,1,0,46,6,59.2,88.6585,1127.9231,0,5,0,0,0,NA,NA,NA,NA,NA,NA,NA,NA,NA
06061023500,CA00_LINCOLN,06061023500,CA,37,43507,"1,176:1",0,9867,27354,10887,6.09,56.86,22.63,23277,24831,48.38,51.62,1.34,17.1,98.66,82.9,19.43,80.57,8076,484,2726,123,12743,621,7.16,22.56,450.4829,5144,48108,0.5767,0.6125,35,33,11,4,2,1,0,1,18,4,37.9,72.753,1374.5143,NA,NA,NA,NA,NA,NA,NA,NA,NA,NA,NA,NA,NA,NA
06065031501,CA02_RIVERSIDE,06065031501,CA,187,193673,"1,036:1",0,47074,134289,17081,8.09,67.67,8.61,98648,99796,49.71,50.29,4.67,59.54,95.33,40.46,43.61,56.39,44538,2447,8338,818,42380,4810,15.29,40.43,1647.4296,4559,198444,0.2871,0.294,163,160,229,37,24,16,1,7,76,16,211.9,82.139,1217.4479,1,5,0,0,0,NA,NA,NA,NA,NA,NA,NA,NA,NA
06073020601,CA01_ESCONDIDO,06073020601,CA,88,128753,"1,463:1",0,27552,90328,16168,6.92,67.38,12.06,65811,68237,49.1,50.9,2.46,37.18,97.54,62.82,33.87,66.13,28449,1196,9273,415,30628,2263,11.98,33.58,1507.4115,1609,134048,0.2769,0.2933,70,69,79,3,18,13,0,5,58,15,77.9,52.2201,1914.9714,0,3,0,0,0,NA,NA,NA,NA,NA,NA,NA,NA,NA
06073015000,CA00_LA MESA,06073015000,CA,291,480487,"1,651:1",40.1,95869,339643,61713,6.62,68.31,12.41,244505,252720,49.17,50.83,6.07,24.81,93.93,75.19,27.88,72.12,100450,5343,21552,2724,121159,10237,11.75,27.7,445.8162,27904,497225,0.5863,0.5996,263,259,286,25,28,19,0,9,209,34,301.2,52.8936,1890.5894,0,35,0,0,0,NA,NA,NA,NA,NA,NA,NA,NA,NA
06001450743,CA00_PLEASANTON,06001450743,CA,156,93946,602:1,0,22123,73701,10366,7.4,69.4,9.76,53516,52674,50.4,49.6,4.77,11.74,95.23,88.26,39.19,60.81,21099,442,26445,359,24909,490,3.45,9.92,673.9776,1879,106190,0.5101,0.4908,144,141,230,27,12,6,0,6,76,19,180.8,135.606,737.4306,0,4,0,0,0,NA,NA,NA,NA,NA,NA,NA,NA,NA
06007001800,CA00_MAGALIA,06007001800,CA,39,41021,"1,052:1",99.8,5872,25127,9935,5.13,61.38,24.27,19791,21143,48.35,51.65,0.41,6.94,99.59,93.06,8.11,91.89,5759,499,464,50,11401,1033,14,32.65,172.9343,6209,40934,0.6542,0.7127,31,31,52,8,8,7,0,1,17,3,39,75.7317,1320.4516,0,2,0,0,0,NA,NA,NA,NA,NA,NA,NA,NA,NA
06023010901,CA00_FORTUNA,06023010901,CA,26,26404,"1,016:1",53.4,5179,17616,4223,6.36,65.2,15.63,13406,13612,49.62,50.38,0.58,12.88,99.42,87.12,15.89,84.11,4712,1022,220,37,7176,835,16.3,39.9,15.165,9855,27018,0.6924,0.6604,21,20,18,3,5,4,0,1,11,4,22.6,77.726,1286.5714,0,7,0,0,0,NA,NA,NA,NA,NA,NA,NA,NA,NA
06029001600,CA01_BAKERSFIELD,06029001600,CA,188,347897,"1,851:1",36.8,101463,231789,28010,8.84,64.16,7.75,179800,181462,49.77,50.23,6.49,61.68,93.51,38.32,46.61,53.39,79161,6633,10715,369,78063,16791,25.41,55.16,856.4462,5709,361262,0.5553,0.5452,144,142,228,37,44,24,1,19,86,10,195.5,39.8603,2508.7639,0,24,0,0,0,NA,NA,NA,NA,NA,NA,NA,NA,NA
06033000100,CA00_UPPER LAKE,06033000100,CA,27,34035,"1,261:1",100,5655,22467,6313,5.8,65.24,18.33,17330,17105,50.33,49.67,1.22,17.06,98.78,82.94,18.71,81.29,5310,1347,387,52,8939,891,15.36,37.73,42.1823,14484,34435,0.74,0.7138,22,22,27,2,5,4,0,1,11,6,24.9,63.8885,1565.2273,0,1,0,0,0,NA,NA,NA,NA,NA,NA,NA,NA,NA
06025010600,CA00_BRAWLEY,06025010600,CA,17,47222,"2,778:1",82.7,12354,34097,5118,8.03,66.12,9.92,27377,24192,53.09,46.91,4.94,73.94,95.06,26.06,44.98,55.02,9808,581,796,75,11442,2169,22.55,50.28,18.4342,11617,51569,0.6019,0.6449,13,12,33,7,4,2,1,1,7,0,19.6,25.2089,3966.8462,0,4,0,0,0,NA,NA,NA,NA,NA,NA,NA,NA,NA
06025011900,CA00_CALEXICO,06025011900,CA,18,53847,"2,992:1",0,14563,36903,6333,9.01,63.85,10.96,27962,29837,48.38,51.62,0.46,93.1,99.54,6.9,38.98,61.02,12271,334,680,31,12457,2609,21.18,53.63,222.4007,2717,57799,0.4394,0.4769,16,16,8,2,2,1,0,1,2,2,16.5,27.6821,3612.4375,0,1,0,0,0,NA,NA,NA,NA,NA,NA,NA,NA,NA
06029005203,CA00_WELDON,06029005203,CA,18,17242,958:1,100,2369,10650,4816,4.84,59.71,27,8846,8989,49.6,50.4,0.3,9.08,99.7,90.92,11,89,2242,443,107,15,4665,576,17.89,47.3,8.1865,14564,17835,0.6032,0.5864,14,14,11,3,4,2,1,1,2,3,18.4,78.4973,1273.9286,0,2,0,0,0,NA,NA,NA,NA,NA,NA,NA,NA,NA
06029005004,CA00_DELANO,06029005004,CA,29,67289,"2,320:1",0,22188,56826,4896,8.45,67.72,5.83,48300,35610,57.56,42.44,5.51,78.22,94.49,21.78,62.18,37.82,15826,806,7686,43,14481,4157,31.9,67.77,180.6388,5199,83910,0.7782,0.8136,27,26,19,3,2,1,0,1,15,5,30.2,32.1773,3107.7778,0,7,0,0,0,NA,NA,NA,NA,NA,NA,NA,NA,NA
06035040305,CA00_SUSANVILLE,06035040305,CA,25,23009,920:1,100,4797,25159,3117,5.29,76.07,9.42,21414,11659,64.75,35.25,8.48,17.81,91.52,82.19,27.56,72.44,4228,1186,344,164,6476,708,14.7,28.98,20.1801,22788,33073,0.8318,0.8448,19,18,10,1,6,6,0,0,9,6,17.7,57.4487,1740.6842,0,2,0,0,0,NA,NA,NA,NA,NA,NA,NA,NA,NA
06073017056,CA03_SAN DIEGO,06073017056,CA,56,79027,"1,411:1",0,17418,54552,5526,7.66,70.39,7.13,38161,39335,49.24,50.76,2.59,9.65,97.41,90.35,40.63,59.37,16640,263,22491,210,21541,652,4.49,11.57,4206.2448,134,77496,0.1555,0.138,51,51,84,9,5,3,0,2,65,9,65.4,65.8098,1519.5294,0,2,0,0,0,NA,NA,NA,NA,NA,NA,NA,NA,NA
06001451602,CA00_LIVERMORE,06001451602,CA,65,80148,"1,233:1",0,17262,57081,8781,7.25,68.67,10.56,41323,41801,49.71,50.29,2.06,20.78,97.94,79.22,25.06,74.94,16328,480,6856,276,21170,843,5.51,15.04,330.1757,2051,83124,0.4412,0.4678,61,52,23,8,4,2,0,2,57,10,63.1,73.3843,1362.6885,0,2,0,0,0,NA,NA,NA,NA,NA,NA,NA,NA,NA
06005000402,CA00_PINE GROVE,06005000402,CA,29,38197,"1,317:1",77.1,5439,27827,8857,4.93,66.06,21.03,22742,19381,53.99,46.01,2.3,11.93,97.7,88.07,12.76,87.24,5151,846,441,90,11115,576,9.01,24.16,54.4445,27048,42123,0.8279,0.8346,25,23,22,3,4,2,0,2,21,5,27,59.35,1684.92,0,1,0,0,0,NA,NA,NA,NA,NA,NA,NA,NA,NA
06009000504,CA00_ARNOLD,06009000504,CA,5,6005,"1,201:1",99.9,807,3965,1832,4.8,60.04,27.74,3378,3226,51.15,48.85,0.39,6.06,99.61,93.94,5.97,94.03,690,42,75,5,1828,129,8.38,22.13,36.3021,6604,6604,0.5678,0.5749,3,3,1,0,2,2,0,0,3,0,3,45.427,2201.3333,NA,NA,NA,NA,NA,NA,NA,NA,NA,NA,NA,NA,NA,NA
06017030803,CA00_SHINGLE SPRINGS,06017030803,CA,24,44571,"1,857:1",0,8429,29579,6905,7.31,65.86,15.37,22117,22796,49.24,50.76,0.55,9.51,99.45,90.49,9.91,90.09,7197,600,917,72,13072,473,5.13,14.3,301.8231,16639,44913,0.3784,0.4022,19,18,10,3,5,1,0,4,18,5,21.3,42.304,2363.8421,0,3,0,0,0,NA,NA,NA,NA,NA,NA,NA,NA,NA
06019008100,CA00_COALINGA,06019008100,CA,11,17370,"1,579:1",100,5879,19806,1668,7.03,72.41,6.1,16985,10368,62.1,37.9,7.06,64.68,92.94,35.32,49.67,50.33,4613,320,498,48,3897,1181,35.31,68.26,26.5789,7897,27353,0.7083,0.693,7,7,6,0,4,2,0,2,6,1,8,25.5913,3907.5714,0,1,0,0,0,NA,NA,NA,NA,NA,NA,NA,NA,NA
06027000800,CA00_DEATH VALLEY,06027000800,CA,2,3199,"1,600:1",100,540,2178,660,5.06,64.48,19.54,1765,1613,52.25,47.75,0.44,25.37,99.56,74.63,27,73,514,245,34,6,832,133,17.41,40.64,0.4942,3378,3378,0.4085,0.3753,1,1,1,0,1,1,0,0,0,0,1.3,29.6033,3378,0,2,0,0,0,NA,NA,NA,NA,NA,NA,NA,NA,NA
06029002806,CA02_BAKERSFIELD,06029002806,CA,243,205925,847:1,78.3,50779,146652,21043,8,67.13,9.63,108717,109757,49.76,50.24,4.97,30.46,95.03,69.54,31.24,68.76,46201,2740,13490,416,53005,4736,11.5,26.41,189.3356,15475,218474,0.5393,0.5715,208,202,286,33,35,15,3,17,138,18,248.3,95.2058,1050.3558,0,7,0,0,0,NA,NA,NA,NA,NA,NA,NA,NA,NA
06033000802,CA00_CLEARLAKE,06033000802,CA,20,29260,"1,463:1",99.9,5440,19663,5127,6.25,65.04,16.96,15139,15091,50.08,49.92,2.68,17.25,97.32,82.75,20.48,79.52,4999,702,337,56,7136,1268,23.44,48.52,68.6848,6924,30230,0.6422,0.6653,18,18,5,0,2,2,0,0,6,3,17.5,59.5435,1679.4444,NA,NA,NA,NA,NA,NA,NA,NA,NA,NA,NA,NA,NA,NA
06089012701,CA00_BURNEY,06089012701,CA,4,5505,"1,376:1",23.7,1029,3546,1226,6.1,61.13,21.13,2874,2927,49.54,50.46,0.59,8.96,99.41,91.04,12.83,87.17,854,309,21,2,1621,206,15.95,38.67,3.581,2630,5801,0.2766,0.416,1,1,0,0,3,3,0,0,3,0,1,17.2384,5801,0,7,0,0,0,NA,NA,NA,NA,NA,NA,NA,NA,NA
06089010100,CA02_REDDING,06089010100,CA,69,64348,933:1,91.5,11361,43827,11391,6.02,65.83,17.11,32675,33904,49.08,50.92,0.94,7.5,99.06,92.5,12.34,87.66,12066,1683,1625,103,16720,2065,16.66,36.61,44.4758,15408,66579,0.3946,0.4131,61,58,63,1,8,5,0,3,35,10,61.5,91.6205,1091.459,0,15,0,0,0,NA,NA,NA,NA,NA,NA,NA,NA,NA
06095252502,CA00_FAIRFIELD,06095252502,CA,236,225211,954:1,1.5,49215,164709,24906,7.11,68.96,10.43,121188,117642,50.74,49.26,13.5,24.61,86.5,75.39,45.41,54.59,48153,2015,27692,2081,57301,3915,8.96,22.42,685.0123,10684,238830,0.778,0.8018,217,192,285,25,19,5,0,14,127,18,239.6,90.8596,1100.5991,0,9,0,0,0,NA,NA,NA,NA,NA,NA,NA,NA,NA
06037500402,CA00_PICO RIVERA,06037500402,CA,10,40411,"4,041:1",0,9126,28309,5148,7.69,66.48,12.09,20928,21655,49.15,50.85,0.98,91.78,99.02,8.22,40.31,59.69,9244,640,875,34,8954,1029,12.64,37.12,7145.1122,0,42583,0.1503,0.1522,7,7,11,1,3,1,0,2,14,0,9.1,16.4385,6083.2857,0,1,0,0,0,NA,NA,NA,NA,NA,NA,NA,NA,NA
06037533104,CA01_HUNTINGTON PARK,06037533104,CA,45,83671,"1,859:1",0,24498,57218,5019,9.27,65.97,5.79,43340,43395,49.97,50.03,5.32,93.54,94.68,6.46,58.28,41.72,20649,829,383,37,17435,4947,29.55,64.96,17068.2291,0,86735,0.1473,0.1386,37,37,24,5,8,5,0,3,25,2,42.5,42.6587,2344.1892,0,8,0,0,0,NA,NA,NA,NA,NA,NA,NA,NA,NA
06037533805,CA00_BELL,06037533805,CA,44,49849,"1,133:1",0,13592,33386,3195,9.15,66.54,6.37,25049,25124,49.93,50.07,0.87,94.22,99.13,5.78,47.46,52.54,11898,435,363,25,11047,2349,21.33,53.58,20645.3531,0,50173,0.2921,0.2951,38,38,16,7,6,4,0,2,17,3,45,75.7379,1320.3421,1,2,0,0,0,NA,NA,NA,NA,NA,NA,NA,NA,NA
06037123700,CA00_NORTH HOLLYWOOD,06037123700,CA,11,59122,"5,375:1",0,11004,41744,6544,6.36,70.4,11.04,29240,30052,49.32,50.68,3.44,44.91,96.56,55.09,38.38,61.62,13195,301,4736,86,13404,1933,16.32,43.87,10744.3238,0,59292,0.1444,0.1518,8,8,7,2,3,0,0,3,23,4,10.7,13.4925,7411.5,0,1,0,0,0,NA,NA,NA,NA,NA,NA,NA,NA,NA
06037481711,CA00_MONTEREY PARK,06037481711,CA,282,369847,"1,312:1",0,69464,254960,48328,6.49,68.4,12.97,182435,190317,48.94,51.06,0.87,45.23,99.13,54.77,71.13,28.87,79000,2673,176247,301,85358,11462,16.14,42.31,9958.9646,0,372752,0.5872,0.6568,245,244,261,33,37,9,0,28,271,31,298.1,65.7273,1521.4367,3,18,0,0,0,NA,NA,NA,NA,NA,NA,NA,NA,NA
06037500201,CA00_LA HABRA,06037500201,CA,60,96527,"1,609:1",0,20932,65764,10782,7.9,67.47,11.06,48010,49468,49.25,50.75,1.46,66.7,98.54,33.3,36.07,63.93,20925,1103,4489,207,22553,1445,8.51,25.8,6344.2029,0,97478,0.2846,0.3024,53,51,49,8,7,5,0,2,35,13,59.1,54.3712,1839.2075,NA,NA,NA,NA,NA,NA,NA,NA,NA,NA,NA,NA,NA,NA
06001430900,CA00_CASTRO VALLEY,06001430900,CA,51,92875,"1,821:1",0,16991,66343,12120,6.21,69.5,12.7,46175,49279,48.37,51.63,10.69,20.92,89.31,79.08,47.62,52.38,19377,709,18840,1012,23427,1187,8.31,20.4,1272.8917,631,95454,0.4412,0.412,42,42,100,11,9,4,1,4,66,17,57.1,44.0003,2272.7143,0,5,0,0,0,NA,NA,NA,NA,NA,NA,NA,NA,NA
06037402102,CA00_POMONA,06037402102,CA,217,251804,"1,160:1",0,56706,177877,26122,7.67,68.23,10.02,128635,132070,49.34,50.66,6.03,58.33,93.97,41.67,44.55,55.45,58492,2682,23174,463,56108,6433,14.22,39.07,4806.8481,28,260705,0.5385,0.5427,169,167,191,18,48,24,1,23,103,24,194.9,64.8242,1542.6331,0,9,0,0,0,NA,NA,NA,NA,NA,NA,NA,NA,NA
06037502100,CA02_WHITTIER,06037502100,CA,61,46833,768:1,0,10437,30787,5171,8.14,66.36,11.15,22652,23743,48.82,51.18,1.5,85.91,98.5,14.09,43.2,56.8,10287,693,1047,75,10246,1042,11.67,36.79,5641.4075,0,46395,0.1371,0.1204,54,54,88,7,7,4,0,3,6,1,65.4,116.3919,859.1667,NA,NA,NA,NA,NA,NA,NA,NA,NA,NA,NA,NA,NA,NA
06037503602,CA00_LA MIRADA,06037503602,CA,33,31634,959:1,0,5998,23585,4317,6.71,69.57,12.73,16330,17570,48.17,51.83,2.06,47.37,97.94,52.63,35.89,64.11,7976,317,3677,103,7858,262,5.41,21.99,7702.3449,0,33900,0.1622,0.1632,31,30,20,3,2,0,0,2,18,1,34.5,91.4454,1093.5484,NA,NA,NA,NA,NA,NA,NA,NA,NA,NA,NA,NA,NA,NA
06037533403,CA00_MAYWOOD,06037533403,CA,12,35001,"2,917:1",0,9254,23201,2093,8.74,67.16,6.06,17621,16927,51,49,0.6,97.55,99.4,2.45,47.98,52.02,8112,268,97,26,7148,1489,21.41,57.42,21770.3399,0,34548,0.1368,0.1347,5,5,2,1,7,5,0,2,8,1,6,14.4726,6909.6,0,2,0,0,0,NA,NA,NA,NA,NA,NA,NA,NA,NA
06037552700,CA01_NORWALK,06037552700,CA,11,46015,"4,183:1",0,10464,30741,4563,8.24,67.17,9.97,22588,23180,49.35,50.65,3.61,70.92,96.39,29.08,52.85,47.15,10073,533,6020,204,10010,893,12.08,34.14,12356.8823,0,45768,0.1464,0.1724,6,6,1,0,5,2,1,2,18,1,6.2,13.1096,7628,NA,NA,NA,NA,NA,NA,NA,NA,NA,NA,NA,NA,NA,NA
06037300800,CA02_GLENDALE,06037300800,CA,55,117878,"2,143:1",0,19892,81679,16485,6.77,69.19,13.96,57491,60565,48.7,51.3,1.2,16.5,98.8,83.5,29.26,70.74,21951,453,21071,82,31107,2025,8.07,21.26,2961.0004,313,118056,0.3061,0.2688,50,50,89,10,5,4,0,1,73,9,63.3,42.3528,2361.12,0,3,0,0,0,NA,NA,NA,NA,NA,NA,NA,NA,NA
06037431700,CA00_ARCADIA,06037431700,CA,160,202942,"1,268:1",0,36259,138471,30484,6.54,67.48,14.85,98037,107177,47.77,52.23,3.11,28.35,96.89,71.65,54.93,45.07,40048,1104,75113,212,50636,3405,8.35,23.64,4535.2789,224,205214,0.5108,0.4756,146,144,224,20,14,5,0,9,165,34,181.4,71.1452,1405.5753,0,2,0,0,0,NA,NA,NA,NA,NA,NA,NA,NA,NA
06037920330,CA00_VALENCIA,06037920330,CA,120,133137,"1,109:1",0,31963,103577,11451,8.01,70.46,7.79,76506,70485,52.05,47.95,4.34,27.28,95.66,72.72,31.69,68.31,29530,732,15809,200,33227,1589,8.14,18.77,315.1853,10963,146991,0.4224,0.4068,104,104,168,17,16,8,0,8,107,19,128.2,70.7526,1413.375,0,5,0,0,0,NA,NA,NA,NA,NA,NA,NA,NA,NA
06077005110,CA00_MANTECA,06077005110,CA,43,89306,"2,077:1",0,22433,62109,8914,8.43,66.46,9.54,46416,47040,49.67,50.33,4.67,38.55,95.33,61.45,41.11,58.89,19655,1104,9059,578,22241,1549,9.38,28.87,878.2714,6144,93456,0.679,0.7198,40,39,40,6,3,0,0,3,31,2,48.8,42.8009,2336.4,1,2,0,0,0,NA,NA,NA,NA,NA,NA,NA,NA,NA
06083002703,CA00_LOMPOC,06083002703,CA,49,53898,"1,100:1",33.7,12596,38740,6406,7.24,67.09,11.09,30437,27305,52.71,47.29,5.42,43.18,94.58,56.82,34.97,65.03,10956,931,2301,280,13465,1523,14.78,36.87,125.6288,3186,57742,0.619,0.6281,40,37,32,2,9,8,0,1,20,2,40.3,69.2737,1443.55,0,5,0,0,0,NA,NA,NA,NA,NA,NA,NA,NA,NA
06085502001,CA02_SAN JOSE,06085502001,CA,378,307660,814:1,0,59135,227664,34781,5.05,70.8,10.82,161373,160207,50.18,49.82,3.54,29.58,96.46,70.42,44.19,55.81,72394,2833,65854,1507,73724,5206,11.01,25.59,7173.5553,0,321580,0.4345,0.4418,348,343,591,85,30,13,1,16,291,53,467.6,108.2157,924.0805,0,31,0,0,0,NA,NA,NA,NA,NA,NA,NA,NA,NA
06085512308,CA00_MORGAN HILL,06085512308,CA,18,52310,"2,906:1",77.8,11906,36391,5799,7.67,67.27,10.72,26994,27102,49.9,50.1,1.62,33.86,98.38,66.14,33.65,66.35,10211,487,5297,181,13615,837,10.03,20.48,71.5099,6861,54096,0.3557,0.3791,15,15,34,4,3,0,0,3,40,4,21.7,27.7285,3606.4,NA,NA,NA,NA,NA,NA,NA,NA,NA,NA,NA,NA,NA,NA
06093000702,CA01_YREKA,06093000702,CA,13,12364,951:1,100,2327,7661,2537,6.2,61.17,20.26,6064,6461,48.42,51.58,0.6,8.66,99.4,91.34,14.87,85.13,1995,670,111,12,3326,511,17.68,44.65,16.2489,5430,12525,0.5649,0.5887,13,12,15,2,0,0,0,0,10,2,14.6,103.7924,963.4615,0,1,0,0,0,NA,NA,NA,NA,NA,NA,NA,NA,NA
06041119201,CA00_GREENBRAE,06041119201,CA,205,145470,710:1,0,25328,101858,25878,5.36,66.55,16.91,76319,76745,49.86,50.14,2.69,15.91,97.31,84.09,20.08,79.92,24285,1085,7755,286,36839,1237,6.96,18.09,2102.8799,2794,153064,0.5725,0.5845,190,188,407,26,15,9,1,5,133,32,224.6,124.1311,805.6,0,10,0,0,0,NA,NA,NA,NA,NA,NA,NA,NA,NA
06045010200,CA00_MENDOCINO,06045010200,CA,4,3293,823:1,99.9,639,2923,593,4.91,70.35,14.27,2213,1942,53.26,46.74,0.7,8.83,99.3,91.17,19.21,80.79,631,353,38,2,820,100,19.31,49.2,5.6154,4155,4155,0.4997,0.5481,3,3,0,0,1,1,0,0,3,0,3,72.2022,1385,0,2,0,0,0,NA,NA,NA,NA,NA,NA,NA,NA,NA
06051000200,CA00_MAMMOTH LAKES,06051000200,CA,0,8041,N/A,99.9,1445,6260,532,5.31,76,6.46,4516,3721,54.83,45.17,0.35,33.69,99.65,66.31,19.32,80.68,1807,49,128,5,1553,160,15.15,38.44,125.2901,544,8237,0.6195,0.6412,0,0,0,0,0,0,0,0,1,2,0,0,0,NA,NA,NA,NA,NA,NA,NA,NA,NA,NA,NA,NA,NA,NA
06055200504,CA00_NAPA,06055200504,CA,111,110152,992:1,0,22390,75972,16813,6.79,65.96,14.6,57687,57488,50.09,49.91,2.11,32.54,97.89,67.46,29.72,70.28,21484,913,8599,341,27721,1980,10.35,27.36,397.0631,8863,115175,0.7851,0.8031,100,99,204,14,11,8,0,3,59,16,114.1,86.8244,1151.75,0,8,0,0,0,NA,NA,NA,NA,NA,NA,NA,NA,NA
06059099245,CA00_HUNTINGTON BEACH,06059099245,CA,151,169741,"1,124:1",0,28996,118708,24699,6.13,68.85,14.33,85523,86880,49.61,50.39,0.93,17.5,99.07,82.5,26.39,73.61,34433,903,23727,542,42896,2028,7.47,17.35,6651.0833,0,172403,0.3288,0.3206,131,129,190,16,20,16,0,4,152,29,152,75.9848,1316.0534,0,1,0,0,0,NA,NA,NA,NA,NA,NA,NA,NA,NA
06059052513,CA00_IRVINE,06059052513,CA,170,163626,963:1,0,34461,124196,15822,6.91,71.18,9.07,84270,90209,48.3,51.7,1.79,9.81,98.21,90.19,49.46,50.54,40341,305,67773,296,42616,1738,7.1,14.64,5245.8285,0,174479,0.3565,0.3573,157,156,120,14,13,4,0,9,211,28,189.6,89.9822,1111.3312,NA,NA,NA,NA,NA,NA,NA,NA,NA,NA,NA,NA,NA,NA
06059110108,CA00_LOS ALAMITOS,06059110108,CA,80,98520,"1,232:1",0,18294,65138,14546,7.55,66.48,14.85,47237,50741,48.21,51.79,2.18,19.2,97.82,80.8,33.54,66.46,18778,502,19679,403,26353,944,5.6,16.27,4369.4871,0,97978,0.3131,0.2745,70,69,129,14,10,5,1,4,93,12,82.1,71.4446,1399.6857,0,1,0,0,0,NA,NA,NA,NA,NA,NA,NA,NA,NA
06009000210,CA00_VALLEY SPRINGS,06009000210,CA,3,16512,"5,504:1",99.9,2724,9922,2384,7.53,66.01,15.86,7578,7452,50.42,49.58,1.07,12.89,98.93,87.11,13.66,86.34,2330,205,263,23,4953,205,5.63,18.3,77.5333,7573,15030,0.3143,0.3524,3,3,3,1,0,0,0,0,4,1,4,19.9601,5010,NA,NA,NA,NA,NA,NA,NA,NA,NA,NA,NA,NA,NA,NA
06013303205,CA00_BRENTWOOD,06013303205,CA,27,90550,"3,354:1",0,24063,65245,10598,8.9,65.31,10.61,49311,50595,49.36,50.64,6.14,28.36,93.86,71.64,30.93,69.07,20662,735,6335,391,23367,1301,7.07,18.8,744.6838,3391,99906,0.4779,0.4647,25,25,72,3,2,0,0,2,39,5,28.1,25.0235,3996.24,0,3,0,0,0,NA,NA,NA,NA,NA,NA,NA,NA,NA
06013313102,CA00_PITTSBURG,06013313102,CA,131,176826,"1,350:1",0,42006,123016,15465,8.06,68.16,8.57,88084,92403,48.8,51.2,16.95,36.9,83.05,63.1,54.33,45.67,39515,1610,19558,1508,42372,4582,13.76,32.57,1912.9533,783,180487,0.6079,0.6285,120,120,119,23,11,5,0,6,72,18,146.1,66.4868,1504.0583,1,6,0,0,0,NA,NA,NA,NA,NA,NA,NA,NA,NA
06019008200,CA00_SAN JOAQUIN,06019008200,CA,2,6566,"3,283:1",100,2261,4306,411,10.32,61.71,5.89,3618,3360,51.85,48.15,0.83,91.27,99.17,8.73,47.59,52.41,1436,78,61,0,1484,581,41.53,80.52,22.1668,2995,6978,0.3764,0.4389,1,1,0,0,1,1,0,0,1,0,1,14.3308,6978,0,2,0,0,0,NA,NA,NA,NA,NA,NA,NA,NA,NA
06021010100,CA00_ORLAND,06021010100,CA,15,22943,"1,530:1",100,5330,14615,3157,7.88,63.26,13.67,11596,11506,50.19,49.81,0.87,33.85,99.13,66.15,27.67,72.33,4283,563,637,24,6000,803,17.1,40.98,22.0178,6474,23102,0.5563,0.5712,9,9,1,0,6,5,0,1,7,3,9,38.9577,2566.8889,0,2,0,0,0,NA,NA,NA,NA,NA,NA,NA,NA,NA
06023010102,CA00_HUMBOLDT,06023010102,CA,4,4889,"1,222:1",100,1404,3796,725,7.76,64.07,12.24,2979,2946,50.28,49.72,0.19,6.84,99.81,93.16,61.57,38.43,1067,3166,27,12,1120,223,24.83,55.29,6.4188,5925,5925,0.6259,0.6716,3,2,0,0,1,1,0,0,0,1,2,50.6329,1975,0,2,0,0,0,NA,NA,NA,NA,NA,NA,NA,NA,NA
06029005401,CA00_RIDGECREST,06029005401,CA,22,35738,"1,624:1",22.8,7843,23888,5101,6.92,64.86,13.85,18547,18285,50.36,49.64,3.51,16.28,96.49,83.72,20.39,79.61,6666,512,1342,170,9341,1008,14.73,31.45,20.9828,5677,36832,0.7077,0.6441,19,18,14,1,3,0,0,3,11,1,21,51.5856,1938.5263,0,1,0,0,0,NA,NA,NA,NA,NA,NA,NA,NA,NA
06031001402,CA00_CORCORAN,06031001402,CA,9,13799,"1,533:1",100,3945,8676,1145,8.94,63.02,8.32,6972,6794,50.65,49.35,4.02,79.46,95.98,20.54,54.37,45.63,2823,259,159,9,3119,589,24.76,61.98,684.9372,368,13766,0.6212,0.641,8,8,2,0,1,0,0,1,1,0,8,58.1142,1720.75,0,1,0,0,0,NA,NA,NA,NA,NA,NA,NA,NA,NA
06037109100,CA00_MISSION HILLS,06037109100,CA,225,421921,"1,875:1",0,95574,299503,43986,7.82,68.21,10.02,218012,221051,49.65,50.35,3.83,56.46,96.17,43.54,43.75,56.25,94382,3504,39585,543,96638,7517,10.59,30.29,1673.6256,3130,439063,0.3382,0.3531,199,193,229,21,26,10,1,15,180,31,236.5,45.3238,2206.3467,0,19,0,0,0,NA,NA,NA,NA,NA,NA,NA,NA,NA
06001424002,CA00_BERKELEY,06001424002,CA,82,34160,417:1,0,3682,34670,3198,2.79,83.44,7.7,20509,21041,49.36,50.64,17.19,14.33,82.81,85.67,55.83,44.17,13700,250,10057,91,5035,697,27.1,47.2,11143.7731,0,41550,0.3674,0.4426,77,76,86,5,5,2,0,3,28,4,85.8,185.3189,539.6104,0,14,0,0,0,NA,NA,NA,NA,NA,NA,NA,NA,NA
06037599100,CA00_AVALON,06037599100,CA,1,4123,"4,123:1",0.9,809,2873,414,7.64,70.14,10.11,2105,1991,51.39,48.61,0.59,52.51,99.41,47.49,36.21,63.79,791,26,58,13,957,119,11.59,39.46,31.1522,444,4096,0.4891,0.5274,1,1,1,0,0,0,0,0,1,0,1,24.4141,4096,NA,NA,NA,NA,NA,NA,NA,NA,NA,NA,NA,NA,NA,NA
06037651101,CA00_TORRANCE,06037651101,CA,705,671087,952:1,0,127452,461152,91152,6.65,67.84,13.41,332613,347143,48.93,51.07,10.36,28.53,89.64,71.47,50.77,49.23,137706,3338,146148,5404,164668,10759,8.75,23.88,6712.6752,0,679756,0.7571,0.765,636,632,1257,119,69,26,4,39,507,129,810.5,93.563,1068.7987,3,5,0,0,0,NA,NA,NA,NA,NA,NA,NA,NA,NA
06037311600,CA00_BURBANK,06037311600,CA,167,296359,"1,775:1",5.5,51014,219383,31825,5.65,72.59,10.53,150468,151754,49.79,50.21,3.95,38.56,96.05,61.44,34.14,65.86,69951,1745,24385,350,65012,6179,12.37,31.57,5413.143,134,302222,0.3652,0.3498,152,152,241,21,15,10,0,5,177,36,183.1,50.2942,1988.3026,1,5,0,0,0,NA,NA,NA,NA,NA,NA,NA,NA,NA
06037408211,CA00_ROWLAND HEIGHTS,06037408211,CA,106,141107,"1,331:1",0,23079,99966,16024,6.91,71.88,11.52,68151,70918,49.01,50.99,3.33,22.72,96.67,77.28,69.06,30.94,27495,481,74809,216,36144,1829,6.53,18.09,2534.741,439,139069,0.3033,0.3322,88,87,59,8,18,10,0,8,140,16,113.8,63.2779,1580.3295,0,1,0,0,0,NA,NA,NA,NA,NA,NA,NA,NA,NA
06037530004,CA00_MONTEBELLO,06037530004,CA,90,86232,958:1,0,19280,57061,10721,7.79,65.54,12.31,42375,44687,48.67,51.33,0.78,87.29,99.22,12.71,43.85,56.15,18931,976,4648,79,19298,2643,15.85,41.62,6188.8306,0,87062,0.3803,0.393,77,77,63,8,13,7,0,6,46,12,83.6,88.4427,1130.6753,0,6,0,0,0,NA,NA,NA,NA,NA,NA,NA,NA,NA
06037191302,CA04_LOS ANGELES,06037191302,CA,325,143682,442:1,0,21166,108670,14405,5.02,75.34,9.99,73687,70554,51.09,48.91,3.85,50.02,96.15,49.98,51.01,48.99,34809,1175,22646,175,29000,6361,23.87,53.34,23620.3353,0,144241,0.3295,0.3846,313,312,659,39,12,7,0,5,76,19,386.2,216.9979,460.8339,0,20,0,0,0,NA,NA,NA,NA,NA,NA,NA,NA,NA
06037115104,CA00_NORTHRIDGE,06037115104,CA,124,154420,"1,245:1",0,27789,111409,19463,6.26,70.22,12.27,77453,81208,48.82,51.18,5.12,36.79,94.88,63.21,45.07,54.93,35103,892,28507,264,36301,2984,11.18,29.05,6740.6759,0,158661,0.2725,0.3068,108,108,162,12,16,5,0,11,113,17,131.2,68.0697,1469.0833,0,2,0,0,0,NA,NA,NA,NA,NA,NA,NA,NA,NA
06039000103,CA02_MADERA,06039000103,CA,13,29874,"2,298:1",76.3,4449,18741,7062,5.71,61.95,23.34,14996,15256,49.57,50.43,0.69,10.04,99.31,89.96,12.22,87.78,4263,1160,336,34,8211,580,9.99,28.89,17.1885,27339,30252,0.6098,0.5831,11,10,9,1,2,1,0,1,9,2,12,36.3612,2750.1818,0,3,0,0,0,NA,NA,NA,NA,NA,NA,NA,NA,NA
06095252000,CA00_BENICIA,06095252000,CA,14,18476,"1,320:1",0,3200,12814,2570,7,68.95,13.83,8833,9751,47.53,52.47,5.45,12.38,94.55,87.62,25.91,74.09,3380,93,1745,77,5156,249,6.49,13.88,851.4656,52,18584,0.2642,0.2677,13,13,10,3,1,0,0,1,14,2,17,69.9526,1429.5385,NA,NA,NA,NA,NA,NA,NA,NA,NA,NA,NA,NA,NA,NA
06097151800,CA00_SANTA ROSA,06097151800,CA,298,207347,696:1,0,42304,146122,29516,6.38,67.05,13.54,107063,110879,49.12,50.88,2.18,28.89,97.82,71.11,28.3,71.7,42175,3787,10273,935,51107,4092,12.13,29.06,1023.3716,11567,217942,0.8248,0.8231,287,283,474,39,11,6,0,5,156,36,343.9,131.6864,759.3798,0,16,0,0,0,NA,NA,NA,NA,NA,NA,NA,NA,NA
06107002303,CA00_TULARE,06107002303,CA,35,77488,"2,214:1",30,23265,51160,6897,9.33,62.91,8.48,40541,40781,49.85,50.15,3.22,60.91,96.78,39.09,38.85,61.15,17382,927,1407,86,18031,2937,20.38,50.97,164.9488,12240,81322,0.6284,0.6231,26,24,34,7,9,7,0,2,18,1,34,31.9717,3127.7692,0,12,0,0,0,NA,NA,NA,NA,NA,NA,NA,NA,NA
06107002601,CA00_LINDSAY,06107002601,CA,4,17135,"4,284:1",99.9,5187,10329,1436,9.85,60.93,8.47,8569,8383,50.55,49.45,0.63,80.46,99.37,19.54,41.97,58.03,3571,188,339,21,3820,1098,31.85,66.51,308.1372,2342,16952,0.2758,0.2759,1,1,1,1,3,2,0,1,3,2,2.3,5.899,16952,0,3,0,0,0,NA,NA,NA,NA,NA,NA,NA,NA,NA
06111003201,CA02_OXNARD,06111003201,CA,52,19865,382:1,0,5632,14168,1396,8.12,66.84,6.59,10914,10282,51.49,48.51,2.71,83.99,97.29,16.01,56.24,43.76,4834,414,1291,44,4168,811,20.27,50.89,3404.1071,3,21196,0.3247,0.2837,49,48,117,13,3,2,0,1,18,3,63.8,231.1757,432.5714,0,4,0,0,0,NA,NA,NA,NA,NA,NA,NA,NA,NA
06073010005,CA00_SAN YSIDRO,06073010005,CA,20,55100,"2,755:1",0,14052,38261,5112,8.86,66.63,8.9,27332,30093,47.6,52.4,2.58,83.99,97.42,16.01,44.59,55.41,13192,446,3598,179,12642,2631,22.86,51.48,2229.2324,287,57425,0.1971,0.1901,14,14,8,3,6,5,0,1,14,0,18.1,24.3796,4101.7857,0,8,0,0,0,NA,NA,NA,NA,NA,NA,NA,NA,NA
06075013300,CA04_SAN FRANCISCO,06075013300,CA,153,100639,658:1,0,11766,72529,15264,3.16,72.85,15.33,47427,52132,47.64,52.36,1.57,6.11,98.43,93.89,42.05,57.95,24408,255,33721,155,20843,841,8.56,20.43,11481.0564,0,99559,0.249,0.2202,145,131,327,38,8,2,0,6,107,20,188.4,145.6423,686.6138,0,1,0,0,0,NA,NA,NA,NA,NA,NA,NA,NA,NA
06077005001,CA00_RIPON,06077005001,CA,8,16323,"2,040:1",0,3782,10846,2060,8.79,64.99,12.34,8196,8492,49.11,50.89,1.49,22.47,98.51,77.53,20.12,79.88,3183,135,625,40,4141,296,9.29,23.03,451.1473,2400,16688,0.4151,0.3274,5,5,4,0,3,1,0,2,3,1,6,29.9616,3337.6,NA,NA,NA,NA,NA,NA,NA,NA,NA,NA,NA,NA,NA,NA
06081601400,CA00_DALY CITY,06081601400,CA,235,302755,"1,288:1",0,51316,218249,41743,5.55,70.11,13.41,153354,157954,49.26,50.74,3.77,26.15,96.23,73.85,67.57,32.43,63038,1647,139466,3378,69483,3435,7.22,21.18,6269.519,0,311308,0.3728,0.3694,221,199,338,31,14,3,0,11,220,27,254.3,70.9908,1408.6335,0,9,0,0,0,NA,NA,NA,NA,NA,NA,NA,NA,NA
06085509901,CA00_MOUNTAIN VIEW,06085509901,CA,396,153799,388:1,0,32770,102670,22971,7.48,64.81,14.5,77946,80465,49.2,50.8,0.92,6.37,99.08,93.63,52.27,47.73,28476,383,71048,268,42447,1326,4.69,9.61,2214.4213,1292,158411,0.5156,0.5026,382,380,576,94,14,4,1,9,268,63,506.5,241.1449,414.6885,1,0,0,0,0,NA,NA,NA,NA,NA,NA,NA,NA,NA
06085511609,CA00_STANFORD,06085511609,CA,507,208374,411:1,0,42217,150742,29797,6.04,67.67,13.38,111225,111531,49.93,50.07,4.31,20.29,95.69,79.71,40.02,59.98,46359,782,42904,3206,50434,2250,7.88,20.39,2434.1407,4769,222756,0.6227,0.616,460,446,1253,64,47,15,2,30,154,34,598.6,206.504,484.2522,1,11,0,0,0,NA,NA,NA,NA,NA,NA,NA,NA,NA
06093001000,CA00_MOUNT SHASTA,06093001000,CA,13,9307,716:1,100,1339,5996,1831,5.55,65.42,19.98,4444,4722,48.48,51.52,1.37,7.87,98.63,92.13,9.71,90.29,1306,87,133,15,2474,207,12.33,34.37,37.074,4226,9166,0.7372,0.7566,10,10,16,1,3,3,0,0,6,1,12,109.0988,916.6,0,1,0,0,0,NA,NA,NA,NA,NA,NA,NA,NA,NA
06065046500,CA04_RIVERSIDE,06065046500,CA,54,92961,"1,722:1",0,23257,73178,6732,8.15,70.93,6.53,50533,52634,48.98,51.02,16.59,46.9,83.41,53.1,56.42,43.58,26027,900,10682,549,21065,2188,14.09,37.16,1468.7831,1563,103167,0.1773,0.1522,41,41,32,6,13,8,0,5,23,2,54.5,39.7414,2516.2683,NA,NA,NA,NA,NA,NA,NA,NA,NA,NA,NA,NA,NA,NA
06071000901,CA00_UPLAND,06071000901,CA,232,397161,"1,712:1",0,93088,286489,33213,8.09,69.4,8.05,203791,208999,49.37,50.63,8.72,47.41,91.28,52.59,42.47,57.53,93130,3388,35862,1120,94331,6139,8.71,25.17,1624.1571,2133,412790,0.55,0.5579,192,189,252,18,40,18,1,21,214,33,222.4,46.5128,2149.9479,0,4,0,0,0,NA,NA,NA,NA,NA,NA,NA,NA,NA
06071003612,CA00_COLTON,06071003612,CA,218,62601,287:1,0,15914,39774,4141,9.19,66.48,6.92,29687,30142,49.62,50.38,5.92,77.85,94.08,22.15,51.23,48.77,13728,753,1246,165,12399,1633,14.71,47.34,6235.2981,0,59829,0.1666,0.1203,181,179,324,40,37,14,2,21,22,2,235.8,302.5289,330.547,NA,NA,NA,NA,NA,NA,NA,NA,NA,NA,NA,NA,NA,NA
06071010901,CA00_LAKE ARROWHEAD,06071010901,CA,5,10747,"2,149:1",35.1,2593,9051,1812,7.51,67.26,13.47,6884,6572,51.16,48.84,0.67,20.79,99.33,79.21,13.51,86.49,2221,121,173,22,3101,319,12.65,33.61,111.0795,808,13456,0.5224,0.6197,3,3,0,0,2,2,0,0,3,0,3,22.2949,4485.3333,NA,NA,NA,NA,NA,NA,NA,NA,NA,NA,NA,NA,NA,NA
06071012101,CA00_APPLE VALLEY,06071012101,CA,28,25167,899:1,95.5,5360,16580,3742,7.55,64.56,14.57,12802,12880,49.85,50.15,6.81,28.33,93.19,71.67,28.39,71.61,4739,366,525,82,6091,955,20,45.83,21.2927,7262,25682,0.3072,0.2892,22,22,68,7,6,1,0,5,12,5,28.5,85.6631,1167.3636,NA,NA,NA,NA,NA,NA,NA,NA,NA,NA,NA,NA,NA,NA
